Rounds,Learning Rate,Client Fraction,Client Number,Local Epochs,Batch Size,Hidden Size,Weighting,Lexical Weighting
200,0.001,1.0,1,1,32,128,False,False
1,3.360416021216568,0.024471115320920944,0.024471115320920944
2,2.585961969041113,0.1122235655784607,0.1122235655784607
3,2.301062297316926,0.08473101258277893,0.1122235655784607
4,2.1202268821386556,0.14516672492027283,0.14516672492027283
5,1.9886929616702729,0.07377680391073227,0.14516672492027283
6,1.8789363453044228,0.16835597157478333,0.16835597157478333
7,1.789480334490686,0.18139983713626862,0.18139983713626862
8,1.7106720109780629,0.2341989427804947,0.2341989427804947
9,1.6414449163040712,0.17102272808551788,0.2341989427804947
10,1.5831513361847815,0.15753376483917236,0.2341989427804947
11,1.5317668996343565,0.21363194286823273,0.2341989427804947
12,1.4868969789784938,0.20812879502773285,0.2341989427804947
13,1.4491937118234919,0.2678491771221161,0.2678491771221161
14,1.414344429673247,0.27048206329345703,0.27048206329345703
15,1.3850880067295104,0.19449804723262787,0.27048206329345703
16,1.356727557914767,0.2789643704891205,0.2789643704891205
17,1.3298238129609854,0.1794462949037552,0.2789643704891205
18,1.300326597557139,0.23202842473983765,0.2789643704891205
19,1.2767840472619925,0.25901809334754944,0.2789643704891205
20,1.2545906472117154,0.265537291765213,0.2789643704891205
21,1.2283210778117772,0.2879438102245331,0.2879438102245331
22,1.2067024021302883,0.2609836757183075,0.2879438102245331
23,1.1860597747475354,0.2223065197467804,0.2879438102245331
24,1.1660707903590368,0.2941853702068329,0.2941853702068329
25,1.1455150380804764,0.1645805984735489,0.2941853702068329
26,1.125248007290992,0.25625813007354736,0.2941853702068329
27,1.1044326714467054,0.348617821931839,0.348617821931839
28,1.0864485139722255,0.24489600956439972,0.348617821931839
29,1.0677762232461379,0.31938183307647705,0.348617821931839
30,1.0483897054818139,0.30121079087257385,0.348617821931839
31,1.0306605006480098,0.3715377151966095,0.3715377151966095
32,1.0129111492960015,0.3394962251186371,0.3715377151966095
33,0.9940920981453426,0.38528430461883545,0.38528430461883545
34,0.9794841253787131,0.403409481048584,0.403409481048584
35,0.96281544463848,0.3353472352027893,0.403409481048584
36,0.9444293820887656,0.24326154589653015,0.403409481048584
37,0.930631078816765,0.402773916721344,0.403409481048584
38,0.915203561607878,0.32684096693992615,0.403409481048584
39,0.9009973673678157,0.3703162670135498,0.403409481048584
40,0.8843842424563507,0.25298792123794556,0.403409481048584
41,0.8686619021406221,0.2983245551586151,0.403409481048584
42,0.8559138053537008,0.3399437963962555,0.403409481048584
43,0.8441533097506162,0.3892146348953247,0.403409481048584
44,0.8284142896236472,0.25655293464660645,0.403409481048584
45,0.8154494852494838,0.35227537155151367,0.403409481048584
46,0.802045681805753,0.3057388961315155,0.403409481048584
47,0.787257561487938,0.4938644766807556,0.4938644766807556
48,0.775696875703572,0.3664460778236389,0.4938644766807556
49,0.7639800837235664,0.3553776741027832,0.4938644766807556
50,0.7529409229755402,0.430598646402359,0.4938644766807556
51,0.739754186377893,0.35743430256843567,0.4938644766807556
52,0.7289170933451818,0.33651384711265564,0.4938644766807556
53,0.7164403062999545,0.35491931438446045,0.4938644766807556
54,0.7036352878927592,0.37719136476516724,0.4938644766807556
55,0.6939024411846156,0.3436042368412018,0.4938644766807556
56,0.6818644707253323,0.3639436364173889,0.4938644766807556
57,0.6713976059016303,0.4045012593269348,0.4938644766807556
58,0.6622972570693315,0.49839988350868225,0.49839988350868225
59,0.6510471609694448,0.3422299325466156,0.49839988350868225
60,0.6420367585115172,0.32935649156570435,0.49839988350868225
61,0.6344902169200318,0.43906375765800476,0.49839988350868225
62,0.6242771852594703,0.35314372181892395,0.49839988350868225
63,0.6140865809956,0.43797993659973145,0.49839988350868225
64,0.6065831121372346,0.3239273130893707,0.49839988350868225
65,0.5946675027855,0.4695168137550354,0.49839988350868225
66,0.5859865514348396,0.28594598174095154,0.49839988350868225
67,0.5806754160283217,0.35397815704345703,0.49839988350868225
68,0.5717670188762656,0.346338152885437,0.49839988350868225
69,0.5645560657429458,0.4131842851638794,0.49839988350868225
70,0.5548177728086562,0.3388509452342987,0.49839988350868225
71,0.5457534512032324,0.4275722801685333,0.49839988350868225
72,0.538156761644195,0.3677188754081726,0.49839988350868225
73,0.5305653865731771,0.38006511330604553,0.49839988350868225
74,0.5224936699392784,0.36920416355133057,0.49839988350868225
75,0.5179212734992824,0.40167686343193054,0.49839988350868225
76,0.5081109781541041,0.4409800171852112,0.49839988350868225
77,0.501536042795549,0.4119851589202881,0.49839988350868225
78,0.4946067810651675,0.3838156759738922,0.49839988350868225
79,0.4854116506540953,0.4569271206855774,0.49839988350868225
80,0.4813235276077517,0.39994382858276367,0.49839988350868225
81,0.47630036759435834,0.4649790823459625,0.49839988350868225
82,0.46776973856474036,0.3235875368118286,0.49839988350868225
83,0.4625250655990928,0.49991634488105774,0.49991634488105774
84,0.4553839088375889,0.3979484736919403,0.49991634488105774
85,0.4501407804773815,0.41387662291526794,0.49991634488105774
86,0.4448470953685134,0.3323502242565155,0.49991634488105774
87,0.4375036304343992,0.47858181595802307,0.49991634488105774
88,0.43210951294471966,0.4334489107131958,0.49991634488105774
89,0.42566421249909187,0.41196149587631226,0.49991634488105774
90,0.4207256834082936,0.5026470422744751,0.5026470422744751
91,0.4151570407571781,0.48584476113319397,0.5026470422744751
92,0.4092458903196439,0.41187357902526855,0.5026470422744751
93,0.40203914809879376,0.3569174110889435,0.5026470422744751
94,0.39598758092418834,0.5229971408843994,0.5229971408843994
95,0.39349370145827384,0.41040733456611633,0.5229971408843994
96,0.3866960095862548,0.407593309879303,0.5229971408843994
97,0.3814695841859822,0.45812085270881653,0.5229971408843994
98,0.37473766157283117,0.43494030833244324,0.5229971408843994
99,0.36990889197039367,0.42886197566986084,0.5229971408843994
100,0.3624779278440262,0.5048626661300659,0.5229971408843994
101,0.3600091692894252,0.44359198212623596,0.5229971408843994
102,0.35694129166392546,0.33582255244255066,0.5229971408843994
103,0.3493759347987709,0.5036659836769104,0.5229971408843994
104,0.3456772827724023,0.4352494776248932,0.5229971408843994
105,0.34170205920786406,0.5425502061843872,0.5425502061843872
106,0.33675719041432906,0.49670225381851196,0.5425502061843872
107,0.331049265219501,0.43335503339767456,0.5425502061843872
108,0.3269501623155466,0.48112305998802185,0.5425502061843872
109,0.3256296627779505,0.37646642327308655,0.5425502061843872
110,0.3190224056331376,0.45128902792930603,0.5425502061843872
111,0.3151229264131233,0.38222604990005493,0.5425502061843872
112,0.31278444129732713,0.5721420049667358,0.5721420049667358
113,0.30778503332713353,0.4520181119441986,0.5721420049667358
114,0.3028042197820559,0.5658661723136902,0.5721420049667358
115,0.2997477751836848,0.500515878200531,0.5721420049667358
116,0.2960309924659741,0.5477451086044312,0.5721420049667358
117,0.29280979366074156,0.5521453022956848,0.5721420049667358
118,0.28905046138152557,0.48179662227630615,0.5721420049667358
119,0.2861607473213874,0.49110808968544006,0.5721420049667358
120,0.281493540593789,0.5172823667526245,0.5721420049667358
121,0.2778550749320296,0.47826677560806274,0.5721420049667358
122,0.27441461432484254,0.5219776630401611,0.5721420049667358
123,0.27029327121540087,0.6110555529594421,0.6110555529594421
124,0.26882398932875684,0.5171961188316345,0.6110555529594421
125,0.2635072475642114,0.5146440267562866,0.6110555529594421
126,0.25994629561159743,0.47544828057289124,0.6110555529594421
127,0.25837122849119243,0.4581431448459625,0.6110555529594421
128,0.2540526940714364,0.612890362739563,0.612890362739563
129,0.25089502303087297,0.5082253217697144,0.612890362739563
130,0.24956139140016403,0.5618662238121033,0.612890362739563
131,0.24627193313703608,0.5129488110542297,0.612890362739563
132,0.24414583143606708,0.4516102075576782,0.612890362739563
133,0.2414824520955928,0.5536487102508545,0.612890362739563
134,0.23726478456264705,0.4968563914299011,0.612890362739563
135,0.23457138450695805,0.5916432738304138,0.612890362739563
136,0.2328324990059754,0.5212361216545105,0.612890362739563
137,0.22982899887274152,0.43706589937210083,0.612890362739563
138,0.2278218285657873,0.5836693048477173,0.612890362739563
139,0.22631973891857252,0.5420074462890625,0.612890362739563
140,0.224054389619338,0.5234203338623047,0.612890362739563
141,0.22000377814271557,0.6165427565574646,0.6165427565574646
142,0.21861788993747674,0.5346224904060364,0.6165427565574646
143,0.21745928875471823,0.5146183967590332,0.6165427565574646
144,0.21352381443614094,0.5343002080917358,0.6165427565574646
145,0.21487740744183312,0.5431973934173584,0.6165427565574646
146,0.21166588100998557,0.6174620985984802,0.6174620985984802
147,0.21022620457062377,0.5470258593559265,0.6174620985984802
148,0.2064245185856499,0.5758377313613892,0.6174620985984802
149,0.2049950548535704,0.5126538872718811,0.6174620985984802
150,0.20285084845488938,0.5557459592819214,0.6174620985984802
151,0.20205105110928787,0.5471721887588501,0.6174620985984802
152,0.19908983516159343,0.5677008032798767,0.6174620985984802
153,0.19798181412639607,0.5591825842857361,0.6174620985984802
154,0.19543677856635988,0.541623055934906,0.6174620985984802
155,0.19677556384892309,0.4101972281932831,0.6174620985984802
156,0.19446547850225102,0.6113860607147217,0.6174620985984802
157,0.19190830361116584,0.5746698379516602,0.6174620985984802
158,0.18945341531317034,0.6039268374443054,0.6174620985984802
159,0.1900492621057514,0.5555450320243835,0.6174620985984802
160,0.18838313375761853,0.6042646169662476,0.6174620985984802
161,0.1872865940949217,0.6058393716812134,0.6174620985984802
162,0.18413056954000126,0.5525951981544495,0.6174620985984802
163,0.18390317800552097,0.5476425290107727,0.6174620985984802
164,0.18168228856329596,0.6328125596046448,0.6328125596046448
165,0.1815636132505551,0.6000663042068481,0.6328125596046448
166,0.17936880647468922,0.5057801008224487,0.6328125596046448
167,0.17846655396197864,0.6310734152793884,0.6328125596046448
168,0.17576876240064257,0.5404613614082336,0.6328125596046448
169,0.17611667754786525,0.5731015205383301,0.6328125596046448
170,0.17469267380326542,0.5972471833229065,0.6328125596046448
171,0.17335669717644875,0.46571481227874756,0.6328125596046448
172,0.17496382100368613,0.5562964081764221,0.6328125596046448
173,0.17101642660870778,0.5965959429740906,0.6328125596046448
174,0.16936091268759462,0.477099746465683,0.6328125596046448
175,0.16828977264723374,0.5337972640991211,0.6328125596046448
176,0.16765732257928126,0.5296785831451416,0.6328125596046448
177,0.16830113166896857,0.46876806020736694,0.6328125596046448
178,0.1668624111557778,0.5737083554267883,0.6328125596046448
179,0.16770125508530817,0.49314144253730774,0.6328125596046448
180,0.16594411919254864,0.6187983751296997,0.6328125596046448
181,0.16305542324868896,0.5763265490531921,0.6328125596046448
182,0.16187069980214483,0.636173665523529,0.636173665523529
183,0.16186613187342141,0.5978361368179321,0.636173665523529
184,0.15855256174297178,0.5288565754890442,0.636173665523529
185,0.15929239933652367,0.49984052777290344,0.636173665523529
186,0.1584786269999114,0.5801283717155457,0.636173665523529
187,0.1566894720424319,0.4568975567817688,0.636173665523529
188,0.15674576035408833,0.5787538886070251,0.636173665523529
189,0.1579521728392264,0.5693345665931702,0.636173665523529
190,0.1554600850062732,0.5205516815185547,0.636173665523529
191,0.15654849855979877,0.6536475419998169,0.6536475419998169
192,0.15358583043927132,0.5813276171684265,0.6536475419998169
193,0.15346124645934175,0.4807378351688385,0.6536475419998169
194,0.15252309356496405,0.6227343082427979,0.6536475419998169
195,0.1519428395958089,0.5634327530860901,0.6536475419998169
196,0.15179325705996496,0.6035650372505188,0.6536475419998169
197,0.15102057954972953,0.5293930768966675,0.6536475419998169
198,0.149211753280231,0.6472394466400146,0.6536475419998169
199,0.15123957753255593,0.7097229361534119,0.7097229361534119
200,0.1496702540221054,0.5579473972320557,0.7097229361534119
