Rounds,Learning Rate,Client Fraction,Client Number,Local Epochs,Batch Size,Hidden Size,Weighting,Lexical Weighting
200,0.001,1.0,3,1,32,128,False,False
1,4.154258994680615,0.0,0
2,3.5634053175566636,0.0,0
3,3.3251208230573464,0.0,0
4,3.14820963270534,0.02402280519406001,0.02402280519406001
5,3.004931197832138,0.05010976394017538,0.05010976394017538
6,2.8824475461584513,0.03391387313604355,0.05010976394017538
7,2.775644513709166,0.06588368117809296,0.06588368117809296
8,2.681013109015449,0.0459621399641037,0.06588368117809296
9,2.5937926146150327,0.07925636321306229,0.07925636321306229
10,2.5179197602810106,0.07631765057643254,0.07925636321306229
11,2.447408608308917,0.09904750064015388,0.09904750064015388
12,2.384284437885277,0.10297976434230804,0.10297976434230804
13,2.322389679062572,0.07796698808670044,0.10297976434230804
14,2.2687531105360903,0.09343361978729565,0.10297976434230804
15,2.2197909244985334,0.07118719319502513,0.10297976434230804
16,2.1744311355357566,0.09900298342108727,0.10297976434230804
17,2.1325854548753185,0.058697192619244255,0.10297976434230804
18,2.097009011288366,0.1268658588329951,0.1268658588329951
19,2.061505996298807,0.0891193076968193,0.1268658588329951
20,2.0257732145783263,0.11671391626199086,0.1268658588329951
21,1.994999399772107,0.09242366999387741,0.1268658588329951
22,1.961896968030856,0.08221748471260071,0.1268658588329951
23,1.9315491784119923,0.09177773694197337,0.1268658588329951
24,1.9032974969802279,0.1256070683399836,0.1268658588329951
25,1.874918256668325,0.14544650663932165,0.14544650663932165
26,1.849519595260091,0.1820979192852974,0.1820979192852974
27,1.8258708971453739,0.1266868511835734,0.1820979192852974
28,1.803059675565617,0.13711140925685564,0.1820979192852974
29,1.7791910208283097,0.13946477820475897,0.1820979192852974
30,1.755223791762101,0.1581753889719645,0.1820979192852974
31,1.734743890989483,0.10263976703087489,0.1820979192852974
32,1.7147348417984205,0.16979381193717322,0.1820979192852974
33,1.691600655170981,0.1738764295975367,0.1820979192852974
34,1.6707334429505571,0.11533310015996297,0.1820979192852974
35,1.6500505946643715,0.12584458167354265,0.1820979192852974
36,1.6290949072811383,0.10267885277668636,0.1820979192852974
37,1.6096985602691598,0.13005106151103973,0.1820979192852974
38,1.5924246770351622,0.16162852197885513,0.1820979192852974
39,1.57259375389718,0.1770805021127065,0.1820979192852974
40,1.5532908760438826,0.12834705412387848,0.1820979192852974
41,1.5338528810759404,0.17932462195555368,0.1820979192852974
42,1.5148809318272842,0.19043411066134772,0.19043411066134772
43,1.4957656315252832,0.1454319308201472,0.19043411066134772
44,1.4806146865483016,0.17199364552895227,0.19043411066134772
45,1.4629869481153273,0.17764721314112344,0.19043411066134772
46,1.4464421255424613,0.16355171302954355,0.19043411066134772
47,1.4292701967634354,0.20365466674168906,0.20365466674168906
48,1.4137231797602867,0.20396454880634943,0.20396454880634943
49,1.3980832399382106,0.23630100985368094,0.23630100985368094
50,1.3826400434720714,0.21481788903474808,0.23630100985368094
51,1.3667342647478435,0.21113714824120203,0.23630100985368094
52,1.3527823102948828,0.20521613210439682,0.23630100985368094
53,1.3387668390632645,0.1609257534146309,0.23630100985368094
54,1.3237282569999458,0.26690015693505603,0.26690015693505603
55,1.3086825323456301,0.2311472942431768,0.26690015693505603
56,1.2952087264705174,0.23371759057044983,0.26690015693505603
57,1.2821388551435102,0.23755332579215369,0.26690015693505603
58,1.2670466052164957,0.25532086690266925,0.26690015693505603
59,1.254955002931095,0.26269789536794025,0.26690015693505603
60,1.241565229756123,0.22155806422233582,0.26690015693505603
61,1.2295223801709536,0.27536024153232574,0.27536024153232574
62,1.219076601222369,0.28939780096213025,0.28939780096213025
63,1.2070834626767193,0.3251090149084727,0.3251090149084727
64,1.1954530398088647,0.25583667556444806,0.3251090149084727
65,1.1835973310232781,0.301535427570343,0.3251090149084727
66,1.1734435682651554,0.3178006559610367,0.3251090149084727
67,1.1633121816417389,0.26954222718874615,0.3251090149084727
68,1.1510734738061708,0.29164529343446094,0.3251090149084727
69,1.1410479416100785,0.2412667771180471,0.3251090149084727
70,1.1299842336493826,0.309315487742424,0.3251090149084727
71,1.1207575586353347,0.3146001895268758,0.3251090149084727
72,1.1112100364662008,0.2845076272885005,0.3251090149084727
73,1.10317496413466,0.2965811789035797,0.3251090149084727
74,1.0944418414588106,0.3354831536610921,0.3354831536610921
75,1.0839960314245858,0.2978100727001826,0.3354831536610921
76,1.075538008057287,0.3333725531895955,0.3354831536610921
77,1.0673991820969635,0.30873680611451465,0.3354831536610921
78,1.0559571399876273,0.2841273446877797,0.3354831536610921
79,1.0452314130662892,0.29259179532527924,0.3354831536610921
80,1.0395077367784495,0.3236251175403595,0.3354831536610921
81,1.0319207331239975,0.3110357423623403,0.3354831536610921
82,1.0239402075726203,0.2624368617932002,0.3354831536610921
83,1.0148053477662289,0.2928639401992162,0.3354831536610921
84,1.0060940027775522,0.29223662118117016,0.3354831536610921
85,0.9986357040896804,0.29193195203940075,0.3354831536610921
86,0.9908841286126028,0.2921732912460963,0.3354831536610921
87,0.9825982172616565,0.37515979011853534,0.37515979011853534
88,0.9759943522469898,0.3404482255379359,0.37515979011853534
89,0.968526058664191,0.3257869482040405,0.37515979011853534
90,0.9626471682106298,0.30519328514734906,0.37515979011853534
91,0.9550973850864467,0.361154168844223,0.37515979011853534
92,0.947424490011926,0.35282305876413983,0.37515979011853534
93,0.9404159206439541,0.38951090971628827,0.38951090971628827
94,0.9322246683732448,0.3584287265936534,0.38951090971628827
95,0.9262455777295012,0.33462560176849365,0.38951090971628827
96,0.9201188719370063,0.33614029983679455,0.38951090971628827
97,0.9132997296583554,0.3649400472640991,0.38951090971628827
98,0.9071559557710742,0.3439113696416219,0.38951090971628827
99,0.901762547741305,0.41634010275204975,0.41634010275204975
100,0.8945115678527921,0.36755846937497455,0.41634010275204975
101,0.8877584712732748,0.4015812277793884,0.41634010275204975
102,0.882561145164602,0.3667449752489726,0.41634010275204975
103,0.8757003933905242,0.34388768672943115,0.41634010275204975
104,0.8693890904902792,0.33014016846815747,0.41634010275204975
105,0.8651183964430166,0.3550739785035451,0.41634010275204975
106,0.860335876819922,0.38733790318171185,0.41634010275204975
107,0.8541258230126932,0.41691263516743976,0.41691263516743976
108,0.8469979126311961,0.31520241995652515,0.41691263516743976
109,0.8423212249978446,0.37805872162183124,0.41691263516743976
110,0.8368100759234219,0.366799533367157,0.41691263516743976
111,0.8320127526546787,0.35868094861507416,0.41691263516743976
112,0.8269159098047553,0.37232187390327454,0.41691263516743976
113,0.8228232178869712,0.35172781348228455,0.41691263516743976
114,0.8183175112333356,0.32702401280403137,0.41691263516743976
115,0.8133193101215141,0.45145997405052185,0.45145997405052185
116,0.8083143560379668,0.40016932785511017,0.45145997405052185
117,0.8030562186949582,0.415061076482137,0.45145997405052185
118,0.7993097142051079,0.3440510580937068,0.45145997405052185
119,0.7943022177249777,0.3526623745759328,0.45145997405052185
120,0.7894016074762494,0.36099808166424435,0.45145997405052185
121,0.7856086954416256,0.3867957592010498,0.45145997405052185
122,0.7813477551743192,0.38903892040252686,0.45145997405052185
123,0.7786332163751823,0.404279222091039,0.45145997405052185
124,0.773261352989446,0.3398029903570811,0.45145997405052185
125,0.7692277835620551,0.37409069140752155,0.45145997405052185
126,0.764007422051229,0.4108548065026601,0.45145997405052185
127,0.7610271925110869,0.3822980523109436,0.45145997405052185
128,0.7563849160805495,0.3819723625977834,0.45145997405052185
129,0.7542403246873911,0.37309397260348004,0.45145997405052185
130,0.7494052728403852,0.42382175227006275,0.45145997405052185
131,0.7483155805899605,0.4205700357755025,0.45145997405052185
132,0.7434315904718091,0.3901628653208415,0.45145997405052185
133,0.7402643539246213,0.42203275362650555,0.45145997405052185
134,0.7352465977513635,0.36450113852818805,0.45145997405052185
135,0.7298085735277686,0.40156405170758563,0.45145997405052185
136,0.7270732128242235,0.4336741367975871,0.45145997405052185
137,0.7242178373457596,0.40017302831013996,0.45145997405052185
138,0.7214916090191279,0.40910078088442486,0.45145997405052185
139,0.7172215301562096,0.37652187049388885,0.45145997405052185
140,0.7165307669186053,0.39819107453028363,0.45145997405052185
141,0.7137845679299543,0.4302000204722087,0.45145997405052185
142,0.7108970705431655,0.39860451221466064,0.45145997405052185
143,0.7075980588413584,0.4167462686697642,0.45145997405052185
144,0.7060982341064891,0.4079453945159912,0.45145997405052185
145,0.7032295404728934,0.41147048274676007,0.45145997405052185
146,0.7012296702502262,0.345615675052007,0.45145997405052185
147,0.6975645693281419,0.508808026711146,0.508808026711146
148,0.6952745255910102,0.38686496516068775,0.508808026711146
149,0.6935383513745738,0.43243398269017536,0.508808026711146
150,0.6901626490379158,0.43975995977719623,0.508808026711146
151,0.6869521813532896,0.4018016258875529,0.508808026711146
152,0.6839669688544495,0.4196438789367676,0.508808026711146
153,0.6803454437836479,0.44621211290359497,0.508808026711146
154,0.6777802619746608,0.4541441698869069,0.508808026711146
155,0.6765711575618023,0.3859996199607849,0.508808026711146
156,0.672878921290132,0.39164941509564716,0.508808026711146
157,0.6716540657541126,0.40995339552561444,0.508808026711146
158,0.6692953151985234,0.40473033984502155,0.508808026711146
159,0.6671288272154016,0.46688343087832135,0.508808026711146
160,0.6645289627253114,0.42018280426661175,0.508808026711146
161,0.6616895967289392,0.4397859275341034,0.508808026711146
162,0.6597185119117549,0.3889036178588867,0.508808026711146
163,0.6568582954712777,0.4166823923587799,0.508808026711146
164,0.6559659492115085,0.32913414140542346,0.508808026711146
165,0.654414980125401,0.405946284532547,0.508808026711146
166,0.6516718499740678,0.4563991129398346,0.508808026711146
167,0.649032362783766,0.37508461872736615,0.508808026711146
168,0.648096186936361,0.4245367745558421,0.508808026711146
169,0.6455655994455767,0.4585884114106496,0.508808026711146
170,0.6445275175092363,0.3888000746568044,0.508808026711146
171,0.641874601839132,0.47616487741470337,0.508808026711146
172,0.6399113471881809,0.4287331899007161,0.508808026711146
173,0.6373423834939561,0.4795914789040883,0.508808026711146
174,0.6361373026677571,0.4230286677678426,0.508808026711146
175,0.633976538847899,0.46759095788002014,0.508808026711146
176,0.6344256750140168,0.392682949701945,0.508808026711146
177,0.633228899979886,0.473000446955363,0.508808026711146
178,0.6303598006702992,0.4333752890427907,0.508808026711146
179,0.6276368805075242,0.4612430731455485,0.508808026711146
180,0.6270415914020538,0.43649932742118835,0.508808026711146
181,0.6257753792329313,0.4856417079766591,0.508808026711146
182,0.623297419861938,0.49462716778119403,0.508808026711146
183,0.6221548981291098,0.3902583718299866,0.508808026711146
184,0.6219181088869291,0.45423421263694763,0.508808026711146
185,0.6196373785410444,0.4532256821791331,0.508808026711146
186,0.6189681550760463,0.4819437762101491,0.508808026711146
187,0.6168749837615496,0.43259475628534955,0.508808026711146
188,0.6139197457643669,0.4468928277492523,0.508808026711146
189,0.6125841309590961,0.481551061073939,0.508808026711146
190,0.6103820935984388,0.4914666910966237,0.508808026711146
191,0.6094246746805156,0.4226953585942586,0.508808026711146
192,0.6074136043826951,0.4727489153544108,0.508808026711146
193,0.6067988354181706,0.5152456859747568,0.5152456859747568
194,0.6038495909424655,0.5039284427960714,0.5152456859747568
195,0.6029963767012381,0.41990675528844196,0.5152456859747568
196,0.6013502069120974,0.47416141629219055,0.5152456859747568
197,0.5993404489277193,0.45621225237846375,0.5152456859747568
198,0.5982805302846973,0.4163236121336619,0.5152456859747568
199,0.5970047263027658,0.46893394986788434,0.5152456859747568
200,0.5949186246255557,0.44370665152867633,0.5152456859747568
