Rounds,Learning Rate,Client Fraction,Client Number,Local Epochs,Batch Size,Hidden Size
200,0.001,1.0,1,1,32,128
1,3.2671966778509542,0.0,0
2,3.1024550687183035,0.0,0
3,2.959172819599961,0.0,0
4,2.8265296365275527,0.0,0
5,2.7100972984776353,0.0,0
6,2.5969640161051895,0.08870150148868561,0.08870150148868561
7,2.497316452589902,0.10424534976482391,0.10424534976482391
8,2.398896815650391,0.11932224780321121,0.11932224780321121
9,2.3150705993175507,0.07991230487823486,0.11932224780321121
10,2.234203925638488,0.0,0.11932224780321121
11,2.163339299234477,0.0776609480381012,0.11932224780321121
12,2.0906894518570467,0.14841586351394653,0.14841586351394653
13,2.0316084505933705,0.11714990437030792,0.14841586351394653
14,1.971576245896744,0.12434182316064835,0.14841586351394653
15,1.9180044265407505,0.12273985147476196,0.14841586351394653
16,1.8695444365342457,0.08027225732803345,0.14841586351394653
17,1.8287715071981603,0.2023940086364746,0.2023940086364746
18,1.7908358736471697,0.0,0.2023940086364746
19,1.7570009312846444,0.08903529495000839,0.2023940086364746
20,1.7287440570917996,0.22902630269527435,0.22902630269527435
21,1.6948789191065412,0.16696491837501526,0.22902630269527435
22,1.6643876166957798,0.12386860698461533,0.22902630269527435
23,1.6382026198235424,0.153963103890419,0.22902630269527435
24,1.6119257870948676,0.1380922645330429,0.22902630269527435
25,1.5904737959305446,0.18055357038974762,0.22902630269527435
26,1.5654556882200819,0.22793668508529663,0.22902630269527435
27,1.5411397435448386,0.13471397757530212,0.22902630269527435
28,1.5207961549361546,0.09596768021583557,0.22902630269527435
29,1.4998301908825382,0.3170695900917053,0.3170695900917053
30,1.4760731083877159,0.3084937036037445,0.3170695900917053
31,1.4599849830071132,0.08218005299568176,0.3170695900917053
32,1.4437899086059947,0.23272356390953064,0.3170695900917053
33,1.4229972904378718,0.0,0.3170695900917053
34,1.4106663104259607,0.0,0.3170695900917053
35,1.3905271144978928,0.21489720046520233,0.3170695900917053
36,1.375340942406293,0.17869365215301514,0.3170695900917053
37,1.360391322410468,0.3633573651313782,0.3633573651313782
38,1.3459682493950382,0.0,0.3633573651313782
39,1.3309255009799292,0.18591159582138062,0.3633573651313782
40,1.319316093668793,0.0,0.3633573651313782
41,1.3044487061825665,0.1925642490386963,0.3633573651313782
42,1.2947286213889266,0.11596038192510605,0.3633573651313782
43,1.2838863543037213,0.13282807171344757,0.3633573651313782
44,1.2748115051424864,0.21266937255859375,0.3633573651313782
45,1.2620736367323182,0.1311684250831604,0.3633573651313782
46,1.2513131731838891,0.3854617476463318,0.3854617476463318
47,1.2405877698099974,0.1578473448753357,0.3854617476463318
48,1.2328434670061776,0.5297421216964722,0.5297421216964722
49,1.222969473988721,0.37158581614494324,0.5297421216964722
50,1.2134849137880586,0.27633801102638245,0.5297421216964722
51,1.1992942474105142,0.2411249428987503,0.5297421216964722
52,1.1907608608404796,0.22315311431884766,0.5297421216964722
53,1.1838495729096008,0.14180664718151093,0.5297421216964722
54,1.173928423812895,0.0,0.5297421216964722
55,1.1660485407619765,0.24016956984996796,0.5297421216964722
56,1.1617230793291873,0.23230299353599548,0.5297421216964722
57,1.1513803066177801,0.37469881772994995,0.5297421216964722
58,1.1434672822554905,0.3403104245662689,0.5297421216964722
59,1.1372481069781564,0.28477656841278076,0.5297421216964722
60,1.127417716113004,0.44602084159851074,0.5297421216964722
61,1.1209687423525434,0.39009177684783936,0.5297421216964722
62,1.1147404927195925,0.20458431541919708,0.5297421216964722
63,1.1085529456084424,0.18869046866893768,0.5297421216964722
64,1.1031144166534597,0.31261393427848816,0.5297421216964722
65,1.0935734752001185,0.5838637948036194,0.5838637948036194
66,1.086644418763392,0.39192694425582886,0.5838637948036194
67,1.0795365077528087,0.37805891036987305,0.5838637948036194
68,1.0738065274375859,0.4237323999404907,0.5838637948036194
69,1.0694056566465984,0.16090495884418488,0.5838637948036194
70,1.0614563384742448,0.4371913969516754,0.5838637948036194
71,1.0567053524833736,0.3003063201904297,0.5838637948036194
72,1.0517210872335867,0.34763312339782715,0.5838637948036194
73,1.0437094641454292,0.45151686668395996,0.5838637948036194
74,1.0383359437639064,0.4320927560329437,0.5838637948036194
75,1.0366109196435322,0.5562875270843506,0.5838637948036194
76,1.0298215381123803,0.39954835176467896,0.5838637948036194
77,1.022365867640033,0.2181602120399475,0.5838637948036194
78,1.0121040308114253,0.37742191553115845,0.5838637948036194
79,1.0093071429115352,0.3222697377204895,0.5838637948036194
80,1.0041297351320584,0.3468882143497467,0.5838637948036194
81,0.9985585953250076,0.3276473879814148,0.5838637948036194
82,0.9905171405636903,0.2062678337097168,0.5838637948036194
83,0.9894048332264929,0.5599425435066223,0.5838637948036194
84,0.9839435226537965,0.4720332622528076,0.5838637948036194
85,0.9753767683198957,0.38025614619255066,0.5838637948036194
86,0.9724252655199079,0.3330766558647156,0.5838637948036194
87,0.9663667288241964,0.5546117424964905,0.5838637948036194
88,0.9606026291395678,0.2323448359966278,0.5838637948036194
89,0.9560237064054518,0.263162225484848,0.5838637948036194
90,0.9527891750137011,0.27850472927093506,0.5838637948036194
91,0.9456249089403586,0.34408095479011536,0.5838637948036194
92,0.9378277155937571,0.4924130141735077,0.5838637948036194
93,0.9392130767757242,0.31956660747528076,0.5838637948036194
94,0.932585716699109,0.33885058760643005,0.5838637948036194
95,0.928085012417851,0.48698022961616516,0.5838637948036194
96,0.9251209833856785,0.5331421494483948,0.5838637948036194
97,0.9201495080734744,0.5387824773788452,0.5838637948036194
98,0.9167529879645868,0.38761085271835327,0.5838637948036194
99,0.9126275021469954,0.3745054304599762,0.5838637948036194
100,0.9082112253615351,0.4734020531177521,0.5838637948036194
101,0.9050178588791327,0.3679819405078888,0.5838637948036194
102,0.8988779785506653,0.26316145062446594,0.5838637948036194
103,0.8960442540772033,0.3300049602985382,0.5838637948036194
104,0.8929849811124079,0.4893367290496826,0.5838637948036194
105,0.8899558130087275,0.39981958270072937,0.5838637948036194
106,0.8865487729058121,0.42783012986183167,0.5838637948036194
107,0.8810629223783811,0.3081890940666199,0.5838637948036194
108,0.8783061496461883,0.2988255023956299,0.5838637948036194
109,0.873579809837269,0.43934109807014465,0.5838637948036194
110,0.8713678917424246,0.2534569501876831,0.5838637948036194
111,0.8679358767289104,0.6227461695671082,0.6227461695671082
112,0.865041707501267,0.34633997082710266,0.6227461695671082
113,0.8592501946470954,0.4653909504413605,0.6227461695671082
114,0.8540373062997153,0.4359246492385864,0.6227461695671082
115,0.8523109669260907,0.41938406229019165,0.6227461695671082
116,0.846579950641502,0.46218544244766235,0.6227461695671082
117,0.8421075626304655,0.5934765934944153,0.6227461695671082
118,0.8394836690841299,0.32166510820388794,0.6227461695671082
119,0.8373644590152033,0.3604047894477844,0.6227461695671082
120,0.8325807612502214,0.5605819225311279,0.6227461695671082
121,0.8286985251488108,0.48248326778411865,0.6227461695671082
122,0.826277602915511,0.47463417053222656,0.6227461695671082
123,0.8252324639170459,0.3953399062156677,0.6227461695671082
124,0.8210407904151714,0.36144357919692993,0.6227461695671082
125,0.8173970149999316,0.37035876512527466,0.6227461695671082
126,0.8158726597374136,0.6297826766967773,0.6297826766967773
127,0.8139357756484639,0.511691689491272,0.6297826766967773
128,0.8101863680463849,0.5941702127456665,0.6297826766967773
129,0.8075126458072301,0.4998536705970764,0.6297826766967773
130,0.8039894441537785,0.4032750725746155,0.6297826766967773
131,0.7999704961072315,0.4716416597366333,0.6297826766967773
132,0.7970274363954862,0.3571155071258545,0.6297826766967773
133,0.7933438165169774,0.304546982049942,0.6297826766967773
134,0.7922861841366147,0.34814271330833435,0.6297826766967773
135,0.7884410573451808,0.4511541724205017,0.6297826766967773
136,0.7869292914190076,0.16679245233535767,0.6297826766967773
137,0.7833533154969866,0.37699276208877563,0.6297826766967773
138,0.782682623601321,0.43336689472198486,0.6297826766967773
139,0.7782679004876902,0.467143177986145,0.6297826766967773
140,0.7745055079911695,0.5096285343170166,0.6297826766967773
141,0.7706836623450121,0.3786315321922302,0.6297826766967773
142,0.7699607311550415,0.35452958941459656,0.6297826766967773
143,0.7685891346949519,0.23508556187152863,0.6297826766967773
144,0.7639837651090189,0.3797169029712677,0.6297826766967773
145,0.7614229200690081,0.5399976372718811,0.6297826766967773
146,0.7593365797039234,0.31071195006370544,0.6297826766967773
147,0.7564877113609603,0.21338123083114624,0.6297826766967773
148,0.751583046985395,0.4471225142478943,0.6297826766967773
149,0.7490240193226121,0.3862888216972351,0.6297826766967773
150,0.7466617986334093,0.36222633719444275,0.6297826766967773
151,0.7482966972571431,0.37174585461616516,0.6297826766967773
152,0.7448643819626534,0.34906941652297974,0.6297826766967773
153,0.7439405537690177,0.5025331377983093,0.6297826766967773
154,0.7425738026698431,0.3976353704929352,0.6297826766967773
155,0.7392578628478628,0.5881460905075073,0.6297826766967773
156,0.7382394551779284,0.5450118184089661,0.6297826766967773
157,0.7385908911625544,0.44498324394226074,0.6297826766967773
158,0.7364831631156531,0.4000401496887207,0.6297826766967773
159,0.7357279946180907,0.495452344417572,0.6297826766967773
160,0.7324732870540835,0.4491126239299774,0.6297826766967773
161,0.7314305188077869,0.49255773425102234,0.6297826766967773
162,0.730583018199964,0.4811554551124573,0.6297826766967773
163,0.7285564400707231,0.3049388527870178,0.6297826766967773
164,0.7255993784602844,0.5355536341667175,0.6297826766967773
165,0.7273950637741522,0.3832952082157135,0.6297826766967773
166,0.7244888327338479,0.6455113291740417,0.6455113291740417
167,0.7230130855106947,0.5054059028625488,0.6455113291740417
168,0.7211808696614973,0.392145037651062,0.6455113291740417
169,0.7172742024289839,0.4085780382156372,0.6455113291740417
170,0.7149736657738686,0.3592173755168915,0.6455113291740417
171,0.7149587360521158,0.5250281095504761,0.6455113291740417
172,0.7143370355620529,0.5610677599906921,0.6455113291740417
173,0.7136245577624349,0.534233808517456,0.6455113291740417
174,0.7101674165689584,0.4385816156864166,0.6455113291740417
175,0.7076992149831671,0.43285253643989563,0.6455113291740417
176,0.7038123900014343,0.3073582053184509,0.6455113291740417
177,0.7029543543855349,0.4456322193145752,0.6455113291740417
178,0.7014598122826128,0.6450638175010681,0.6455113291740417
179,0.7008931864843224,0.7587751150131226,0.7587751150131226
180,0.7016748569228433,0.3389098644256592,0.7587751150131226
181,0.6991796518365542,0.3786904811859131,0.7587751150131226
182,0.6987939830304999,0.3660549819469452,0.7587751150131226
183,0.6963082910938696,0.5852930545806885,0.7587751150131226
184,0.6980569404408787,0.48851504921913147,0.7587751150131226
185,0.6947879502267549,0.30025947093963623,0.7587751150131226
186,0.6934215535945965,0.5399350523948669,0.7587751150131226
187,0.6899460802475611,0.538356363773346,0.7587751150131226
188,0.6899444880810651,0.3827173113822937,0.7587751150131226
189,0.6871897333273382,0.39022141695022583,0.7587751150131226
190,0.6855728011013884,0.46965479850769043,0.7587751150131226
191,0.6860264292494818,0.5578997135162354,0.7587751150131226
192,0.6841828809543089,0.540664553642273,0.7587751150131226
193,0.6843747509022554,0.3522370755672455,0.7587751150131226
194,0.6812026299762003,0.19222261011600494,0.7587751150131226
195,0.6804401452342669,0.5961760878562927,0.7587751150131226
196,0.6809117576163827,0.6588943600654602,0.7587751150131226
197,0.6796234607922308,0.2634754478931427,0.7587751150131226
198,0.6763479601253163,0.36211463809013367,0.7587751150131226
199,0.6785889835746,0.5195388793945312,0.7587751150131226
200,0.675154440217849,0.2881723642349243,0.7587751150131226
