Rounds,Learning Rate,Client Fraction,Client Number,Local Epochs,Batch Size,Hidden Size,Weighting,Lexical Weighting
200,0.001,1.0,3,1,32,128,True,True
1,4.159426672298206,0.026350165406862896,0.026350165406862896
2,3.629582654005682,0.028111564616362255,0.028111564616362255
3,3.553237903218333,0.01738264039158821,0.028111564616362255
4,3.7303828337360625,0.01731875290473302,0.028111564616362255
5,3.76976074246044,0.022239382068316143,0.028111564616362255
6,3.7921173948698175,0.0,0.028111564616362255
7,3.808285319329842,0.0,0.028111564616362255
8,3.816803645241683,0.0,0.028111564616362255
9,3.8187990094086217,0.0,0.028111564616362255
10,3.82010382659294,0.0,0.028111564616362255
11,3.8153960573365318,0.01248862000409934,0.028111564616362255
12,3.818087793695973,0.0,0.028111564616362255
13,3.817424977560482,0.0,0.028111564616362255
14,3.816429315384872,0.0,0.028111564616362255
15,3.8166958733632868,0.017573247146734482,0.028111564616362255
16,3.8145624712594306,0.0,0.028111564616362255
17,3.818188538274736,0.029595524302206997,0.029595524302206997
18,3.815434958491362,0.015909674266974132,0.029595524302206997
19,3.817193624008359,0.0,0.029595524302206997
20,3.8127423249377035,0.0,0.029595524302206997
21,3.813468884269002,0.013071303566296896,0.029595524302206997
22,3.815301732087662,0.020127590745687485,0.029595524302206997
23,3.811612658964671,0.0,0.029595524302206997
24,3.8112482155070695,0.015340857207775116,0.029595524302206997
25,3.811605206191354,0.0,0.029595524302206997
26,3.811587995059861,0.020131218226682228,0.029595524302206997
27,3.8134783208759337,0.012847794839105203,0.029595524302206997
28,3.8046479472264356,0.016726568341255188,0.029595524302206997
29,3.807105778447255,0.01330273552029748,0.029595524302206997
30,3.810123730142226,0.0,0.029595524302206997
31,3.807442460941426,0.016511830190817516,0.029595524302206997
32,3.8079160390386604,0.013322719683249792,0.029595524302206997
33,3.808922992033098,0.0,0.029595524302206997
34,3.8087768946170537,0.0,0.029595524302206997
35,3.8085466254668545,0.0,0.029595524302206997
36,3.8106690824345137,0.019130508104960125,0.029595524302206997
37,3.8126407682944357,0.0,0.029595524302206997
38,3.813045873295484,0.0,0.029595524302206997
39,3.8133853929981676,0.02271452049414317,0.029595524302206997
40,3.8120677040969415,0.03603260407267391,0.03603260407267391
41,3.809587187271952,0.0,0.03603260407267391
42,3.8094386007326144,0.022474323709805805,0.03603260407267391
43,3.8107261048944525,0.020169375997377243,0.03603260407267391
44,3.8063497885264255,0.011790787180264791,0.03603260407267391
45,3.8101515381286215,0.0,0.03603260407267391
46,3.8083580924660514,0.020905738075574238,0.03603260407267391
47,3.8084702236222188,0.03125306963920593,0.03603260407267391
48,3.8105262829846787,0.0,0.03603260407267391
49,3.8100975262931365,0.022570513311426732,0.03603260407267391
50,3.808810927339388,0.027168813647862767,0.03603260407267391
51,3.806738839539218,0.03212433805068334,0.03603260407267391
52,3.8105330578275898,0.028499948378817582,0.03603260407267391
53,3.8114727497618097,0.011780561258395513,0.03603260407267391
54,3.8089527900824156,0.025790083320601495,0.03603260407267391
55,3.808112261064116,0.015228333239257255,0.03603260407267391
56,3.8070151286472793,0.023382807621282132,0.03603260407267391
57,3.8104158709268034,0.014745015474007554,0.03603260407267391
58,3.8096389017216903,0.02480023850997289,0.03603260407267391
59,3.813214454919798,0.017436691870292027,0.03603260407267391
60,3.814260134294395,0.0,0.03603260407267391
61,3.812331618191312,0.013866891463597616,0.03603260407267391
62,3.8110006446005187,0.025434382719206703,0.03603260407267391
63,3.8082777746256653,0.02028536264238055,0.03603260407267391
64,3.8071999613190592,0.01073697404163571,0.03603260407267391
65,3.809537525675902,0.017960390376288295,0.03603260407267391
66,3.8117954524953817,0.012427855283021927,0.03603260407267391
67,3.8090416301215737,0.015512327353159586,0.03603260407267391
68,3.8057881175527997,0.032315430541833244,0.03603260407267391
69,3.8061292238628748,0.0,0.03603260407267391
70,3.8068724997364107,0.0,0.03603260407267391
71,3.8065293413774293,0.01629217341542244,0.03603260407267391
72,3.8084505730628906,0.03242891778548559,0.03603260407267391
73,3.808216957593974,0.018942421971784848,0.03603260407267391
74,3.813545116021555,0.01915958896279335,0.03603260407267391
75,3.8102498159601765,0.019452109932899475,0.03603260407267391
76,3.810672693366575,0.0,0.03603260407267391
77,3.8112365766131444,0.0,0.03603260407267391
78,3.811300791793775,0.0,0.03603260407267391
79,3.8111318449151184,0.0,0.03603260407267391
80,3.8096278968588853,0.0,0.03603260407267391
81,3.8093921733047025,0.0,0.03603260407267391
82,3.8083095709369896,0.013571373535541081,0.03603260407267391
83,3.809501244504806,0.0,0.03603260407267391
84,3.8082951897699417,0.018000511580619327,0.03603260407267391
85,3.8134215667277327,0.019849045002407122,0.03603260407267391
86,3.8123862022289035,0.01832212011019389,0.03603260407267391
87,3.810703371853547,0.013678296158711115,0.03603260407267391
88,3.8116863713347477,0.01233744869629542,0.03603260407267391
89,3.812751105917671,0.02100868300438496,0.03603260407267391
90,3.8120145791805427,0.01637098015427504,0.03603260407267391
91,3.8097870491811414,0.0,0.03603260407267391
92,3.814413941369749,0.019768766366608775,0.03603260407267391
93,3.8074456605394453,0.0,0.03603260407267391
94,nan,0.0,0.03603260407267391
95,nan,0.0,0.03603260407267391
96,nan,0.0,0.03603260407267391
97,nan,0.0,0.03603260407267391
98,nan,0.0,0.03603260407267391
99,nan,0.0,0.03603260407267391
100,nan,0.0,0.03603260407267391
101,nan,0.0,0.03603260407267391
102,nan,0.0,0.03603260407267391
103,nan,0.0,0.03603260407267391
104,nan,0.0,0.03603260407267391
105,nan,0.0,0.03603260407267391
106,nan,0.0,0.03603260407267391
107,nan,0.0,0.03603260407267391
108,nan,0.0,0.03603260407267391
109,nan,0.0,0.03603260407267391
110,nan,0.0,0.03603260407267391
111,nan,0.0,0.03603260407267391
112,nan,0.0,0.03603260407267391
113,nan,0.0,0.03603260407267391
114,nan,0.0,0.03603260407267391
115,nan,0.0,0.03603260407267391
116,nan,0.0,0.03603260407267391
117,nan,0.0,0.03603260407267391
