Rounds,Learning Rate,Client Fraction,Client Number,Local Epochs,Batch Size,Hidden Size
200,0.001,1.0,1,1,32,128
1,4.073215826883985,0.0,0
2,3.7198723377644725,0.0,0
3,3.4693056241917573,0.0,0
4,3.2608190263465024,0.0,0
5,3.0933747886639047,0.0,0
6,2.9500671833218797,0.0,0
7,2.8258591787266694,0.0,0
8,2.716313901772118,0.0,0
9,2.6189600369280743,0.0,0
10,2.5292644701035143,0.0,0
11,2.453156972009245,0.0,0
12,2.3802465272377598,0.0,0
13,2.3196184117875713,0.0,0
14,2.268698102303858,0.0,0
15,2.225924537971397,0.0,0
16,2.192097302167684,0.0,0
17,2.1597078256855977,0.0,0
18,2.1271983783746817,0.0,0
19,2.100921681421227,0.0,0
20,2.0711515387353074,0.0,0
21,2.0455891216754134,0.0,0
22,2.0195595943908318,0.08805657923221588,0.08805657923221588
23,1.9968511381507115,0.0,0.08805657923221588
24,1.9688837506837207,0.12359308451414108,0.12359308451414108
25,1.945092908709901,0.0,0.12359308451414108
26,1.9219612013457454,0.16635943949222565,0.16635943949222565
27,1.9028739357461353,0.0,0.16635943949222565
28,1.875694533351195,0.0,0.16635943949222565
29,1.8526244645795464,0.0,0.16635943949222565
30,1.8328635830669184,0.08613713830709457,0.16635943949222565
31,1.8104999590464557,0.10385062545537949,0.16635943949222565
32,1.7879768454425682,0.0,0.16635943949222565
33,1.7656423773306618,0.13881902396678925,0.16635943949222565
34,1.7440661203608427,0.12227100878953934,0.16635943949222565
35,1.7227018291759646,0.0,0.16635943949222565
36,1.7022038608740826,0.20270156860351562,0.20270156860351562
37,1.6813044952529483,0.11867215484380722,0.20270156860351562
38,1.6629252524204783,0.1389969140291214,0.20270156860351562
39,1.6415577347088015,0.0,0.20270156860351562
40,1.6192040558156922,0.0985068827867508,0.20270156860351562
41,1.602994942548419,0.0,0.20270156860351562
42,1.5844543616106614,0.0,0.20270156860351562
43,1.5669216910349797,0.11567138880491257,0.20270156860351562
44,1.5474291397152289,0.10128442943096161,0.20270156860351562
45,1.529164830876019,0.20453117787837982,0.20453117787837982
46,1.5087813139934134,0.22971200942993164,0.22971200942993164
47,1.4930218433867077,0.2738904058933258,0.2738904058933258
48,1.4746343287324828,0.0,0.2738904058933258
49,1.4576482280821434,0.0,0.2738904058933258
50,1.4398721960201544,0.0,0.2738904058933258
51,1.4257519566020997,0.0,0.2738904058933258
52,1.4107163913098284,0.24438881874084473,0.2738904058933258
53,1.3961204432352137,0.0,0.2738904058933258
54,1.3811696922409593,0.21112215518951416,0.2738904058933258
55,1.3655204042719395,0.2803751528263092,0.2803751528263092
56,1.3512727687253843,0.18197870254516602,0.2803751528263092
57,1.3364958134988782,0.2353242188692093,0.2803751528263092
58,1.324540811397901,0.31519052386283875,0.31519052386283875
59,1.311113000305014,0.12077179551124573,0.31519052386283875
60,1.2965283098267497,0.33345314860343933,0.33345314860343933
61,1.2843063231587994,0.25905728340148926,0.33345314860343933
62,1.2747487421914765,0.18914830684661865,0.33345314860343933
63,1.2610776982533018,0.3031768798828125,0.33345314860343933
64,1.2495993086992236,0.09999766200780869,0.33345314860343933
65,1.2389728573757128,0.0,0.33345314860343933
66,1.2258219737407627,0.1855483502149582,0.33345314860343933
67,1.2196456592584706,0.28253263235092163,0.33345314860343933
68,1.2066087718888947,0.2158927023410797,0.33345314860343933
69,1.1965301625102418,0.0,0.33345314860343933
70,1.1876570536689697,0.0,0.33345314860343933
71,1.1789030617446339,0.13708004355430603,0.33345314860343933
72,1.1668969825469262,0.0,0.33345314860343933
73,1.1599426225775802,0.12095944583415985,0.33345314860343933
74,1.1507514198880406,0.10944556444883347,0.33345314860343933
75,1.1412633690515117,0.2827720642089844,0.33345314860343933
76,1.1333647820533392,0.11623430252075195,0.33345314860343933
77,1.124802536229325,0.4882964491844177,0.4882964491844177
78,1.116482520181242,0.21873952448368073,0.4882964491844177
79,1.1087127206376093,0.17227232456207275,0.4882964491844177
80,1.10235856728686,0.0,0.4882964491844177
81,1.0938043901620838,0.27922123670578003,0.4882964491844177
82,1.088921894062596,0.0,0.4882964491844177
83,1.079645907703854,0.3110252320766449,0.4882964491844177
84,1.0752973329962563,0.11739382147789001,0.4882964491844177
85,1.071964149082271,0.20407217741012573,0.4882964491844177
86,1.061381942782472,0.0,0.4882964491844177
87,1.0555763279633266,0.1391073316335678,0.4882964491844177
88,1.0507865025985494,0.3568355441093445,0.4882964491844177
89,1.0411985196647209,0.31782445311546326,0.4882964491844177
90,1.0362901750824385,0.2586491107940674,0.4882964491844177
91,1.0288561073057414,0.25740450620651245,0.4882964491844177
92,1.0227124794077913,0.18598061800003052,0.4882964491844177
93,1.0178480262079597,0.3538514971733093,0.4882964491844177
94,1.014537367112874,0.1904647946357727,0.4882964491844177
95,1.0072641959003679,0.17878657579421997,0.4882964491844177
96,1.00214781068861,0.34400007128715515,0.4882964491844177
97,0.9992390794232853,0.21133679151535034,0.4882964491844177
98,0.9922197931256225,0.2894763648509979,0.4882964491844177
99,0.9906921450893408,0.32887181639671326,0.4882964491844177
100,0.985318279480273,0.0937274694442749,0.4882964491844177
101,0.9779049939860333,0.2657373249530792,0.4882964491844177
102,0.9726895587868247,0.32646292448043823,0.4882964491844177
103,0.9640078962724321,0.1996266394853592,0.4882964491844177
104,0.9634164822626659,0.24948197603225708,0.4882964491844177
105,0.956834855029089,0.3694612681865692,0.4882964491844177
106,0.9528700235811766,0.14093908667564392,0.4882964491844177
107,0.950306068917472,0.21580947935581207,0.4882964491844177
108,0.9467358924144633,0.27676093578338623,0.4882964491844177
109,0.9404024016993275,0.26119765639305115,0.4882964491844177
110,0.9399369461112466,0.2670597732067108,0.4882964491844177
111,0.9361985140095722,0.2862332761287689,0.4882964491844177
112,0.9296562202991903,0.3353264033794403,0.4882964491844177
113,0.9266659896486541,0.3912908732891083,0.4882964491844177
114,0.9239487927072784,0.3507652282714844,0.4882964491844177
115,0.9228432800797032,0.31013479828834534,0.4882964491844177
116,0.9194341322337239,0.13035321235656738,0.4882964491844177
117,0.9148108595541601,0.0,0.4882964491844177
118,0.9115988059883989,0.33682379126548767,0.4882964491844177
119,0.9092697566329557,0.19675301015377045,0.4882964491844177
120,0.9064080456536123,0.24561534821987152,0.4882964491844177
121,0.9017768540156802,0.2981707751750946,0.4882964491844177
122,0.8984409137028855,0.4608868360519409,0.4882964491844177
123,0.897041143493979,0.3554593324661255,0.4882964491844177
124,0.8948239662713366,0.19808633625507355,0.4882964491844177
125,0.8920425137726751,0.29473331570625305,0.4882964491844177
126,0.8919634959048198,0.2132669985294342,0.4882964491844177
127,0.888485886241639,0.2530617415904999,0.4882964491844177
128,0.887272278305757,0.3512556254863739,0.4882964491844177
129,0.8825863272097527,0.40823328495025635,0.4882964491844177
130,0.8803505390444938,0.12803784012794495,0.4882964491844177
131,0.8798010364831175,0.3179478347301483,0.4882964491844177
132,0.8777034092105038,0.18409980833530426,0.4882964491844177
133,0.8744398893189858,0.20382820069789886,0.4882964491844177
134,0.8717533748651601,0.4286016523838043,0.4882964491844177
135,0.8701396160082949,0.22660936415195465,0.4882964491844177
136,0.8703390123599116,0.4443296194076538,0.4882964491844177
137,0.8650296970253862,0.24295921623706818,0.4882964491844177
138,0.8634704682994239,0.27905258536338806,0.4882964491844177
139,0.8612851960429554,0.31421899795532227,0.4882964491844177
140,0.8589072917355605,0.22470036149024963,0.4882964491844177
141,0.8574451622332874,0.44122278690338135,0.4882964491844177
142,0.8563566489865302,0.5334595441818237,0.5334595441818237
143,0.8557618848165136,0.21870356798171997,0.5334595441818237
144,0.8514968624025535,0.46689268946647644,0.5334595441818237
145,0.8474685520565723,0.446566641330719,0.5334595441818237
146,0.845192717105685,0.16105639934539795,0.5334595441818237
147,0.8458541880618495,0.16303293406963348,0.5334595441818237
148,0.8443230801363754,0.38336485624313354,0.5334595441818237
149,0.8422974124429277,0.40466344356536865,0.5334595441818237
150,0.8390936735306439,0.0,0.5334595441818237
151,0.8380889066572484,0.30942317843437195,0.5334595441818237
152,0.8385248701976913,0.27813488245010376,0.5334595441818237
153,0.8348087728704169,0.21616938710212708,0.5334595441818237
154,0.8309677362830954,0.23539593815803528,0.5334595441818237
155,0.8279125974870623,0.20417705178260803,0.5334595441818237
156,0.8232638419744046,0.24961090087890625,0.5334595441818237
157,0.8232925567794196,0.41208916902542114,0.5334595441818237
158,0.8228618228416069,0.3439709544181824,0.5334595441818237
159,0.8199234452663783,0.34091517329216003,0.5334595441818237
160,0.8183795870031073,0.292966365814209,0.5334595441818237
161,0.8175191074172202,0.2153998166322708,0.5334595441818237
162,0.815199640894014,0.16639934480190277,0.5334595441818237
163,0.8127589458645266,0.4517515003681183,0.5334595441818237
164,0.8138952579039345,0.1832098513841629,0.5334595441818237
165,0.8114145894521212,0.4709589183330536,0.5334595441818237
166,0.8114880742976172,0.4943448007106781,0.5334595441818237
167,0.812030168429479,0.42969435453414917,0.5334595441818237
168,0.8105031362754486,0.44416576623916626,0.5334595441818237
169,0.8105474968621625,0.3382314443588257,0.5334595441818237
170,0.8112979310080044,0.37735241651535034,0.5334595441818237
171,0.8074846039199518,0.3825266361236572,0.5334595441818237
172,0.8062649920072291,0.30747830867767334,0.5334595441818237
173,0.8041894322118401,0.17117375135421753,0.5334595441818237
174,0.8028857924809852,0.3161162734031677,0.5334595441818237
175,0.8026262722532668,0.28726470470428467,0.5334595441818237
176,0.8029885090778158,0.20453305542469025,0.5334595441818237
177,0.7989466539409382,0.2919144034385681,0.5334595441818237
178,0.800033785828175,0.2917994558811188,0.5334595441818237
179,0.7970058561149274,0.4349139332771301,0.5334595441818237
180,0.7991249408651915,0.20335619151592255,0.5334595441818237
181,0.7991271794425722,0.11087257415056229,0.5334595441818237
182,0.7974661121457863,0.4283263385295868,0.5334595441818237
183,0.7961521916832854,0.3808119595050812,0.5334595441818237
184,0.7934485387063143,0.2356337308883667,0.5334595441818237
185,0.7933208193222812,0.20962825417518616,0.5334595441818237
186,0.790874163196293,0.5534999966621399,0.5534999966621399
187,0.7914077237515815,0.3105422556400299,0.5534999966621399
188,0.7907658597092838,0.5357936024665833,0.5534999966621399
189,0.7909403783170473,0.4642769694328308,0.5534999966621399
190,0.7905663002956944,0.35733523964881897,0.5534999966621399
191,0.7926574961007322,0.56666499376297,0.56666499376297
192,0.7913784532523661,0.4503664970397949,0.56666499376297
193,0.7890323408762354,0.46112820506095886,0.56666499376297
194,0.7879258555650323,0.1277005970478058,0.56666499376297
195,0.7870455099357866,0.4552862346172333,0.56666499376297
196,0.7858742992310112,0.24935121834278107,0.56666499376297
197,0.7827644438086288,0.39483895897865295,0.56666499376297
198,0.7771363630283131,0.4849638044834137,0.56666499376297
199,0.7751518556966672,0.3579908013343811,0.56666499376297
200,0.7791964921729599,0.37023547291755676,0.56666499376297
