Rounds,Learning Rate,Client Fraction,Client Number,Local Epochs,Batch Size,Hidden Size
100,0.001,1.0,3,1,32,128
1,3.543534446585505,0.0,0
2,3.143584007434104,0.0,0
3,2.9430874803122222,0.0,0
4,2.7972171291798307,0.0,0
5,2.6814309377894996,0.0,0
6,2.5848441742548167,0.042890881498654686,0.042890881498654686
7,2.5003242185272945,0.0,0.042890881498654686
8,2.425996328475057,0.0,0.042890881498654686
9,2.360844645746828,0.0,0.042890881498654686
10,2.3024272798544634,0.0,0.042890881498654686
11,2.2513451222689738,0.03513226161400477,0.042890881498654686
12,2.2017936503893245,0.019609980285167694,0.042890881498654686
13,2.160830486738201,0.0,0.042890881498654686
14,2.122145658194107,0.0,0.042890881498654686
15,2.0870317661560445,0.0,0.042890881498654686
16,2.054366731676429,0.0,0.042890881498654686
17,2.030668684745542,0.0286743367711703,0.042890881498654686
18,2.0069727278914313,0.0,0.042890881498654686
19,1.9820692444467973,0.04184466600418091,0.042890881498654686
20,1.9605413411310908,0.028253247340520222,0.042890881498654686
21,1.9401001359235348,0.0,0.042890881498654686
22,1.92276122297174,0.0,0.042890881498654686
23,1.906738717499562,0.0,0.042890881498654686
24,1.8889535581185346,0.033958387871583305,0.042890881498654686
25,1.8719713030120841,0.029984697699546814,0.042890881498654686
26,1.8597423678838954,0.0,0.042890881498654686
27,1.8457604865360262,0.0,0.042890881498654686
28,1.8318056677414463,0.0,0.042890881498654686
29,1.8193833448707515,0.020350235203901928,0.042890881498654686
30,1.8093343473512304,0.023763693869113922,0.042890881498654686
31,1.79530960345971,0.0,0.042890881498654686
32,1.782752510398219,0.0694211224714915,0.0694211224714915
33,1.7728373159024018,0.0,0.0694211224714915
34,1.7632151325217527,0.03585033118724823,0.0694211224714915
35,1.751503919431303,0.021272212266921997,0.0694211224714915
36,1.7406116571060348,0.0,0.0694211224714915
37,1.7318582948916124,0.0,0.0694211224714915
38,1.7216889449228558,0.0,0.0694211224714915
39,1.7115712755424324,0.027113986512025196,0.0694211224714915
40,1.703245066600181,0.0,0.0694211224714915
41,1.694266683864886,0.03788286944230398,0.0694211224714915
42,1.6823976216272722,0.02924486994743347,0.0694211224714915
43,1.6729429861779446,0.0,0.0694211224714915
44,1.6626786155165896,0.0,0.0694211224714915
45,1.6543113333485842,0.0326942503452301,0.0694211224714915
46,1.643754589929123,0.023171792427698772,0.0694211224714915
47,1.637686710482611,0.060064281026522316,0.0694211224714915
48,1.6260003523811164,0.0,0.0694211224714915
49,1.6174849304838386,0.0,0.0694211224714915
50,1.606973179577978,0.0,0.0694211224714915
51,1.6018475761707844,0.0,0.0694211224714915
52,1.5925592810338303,0.07056549936532974,0.07056549936532974
53,1.5843370537332087,0.09992002944151561,0.09992002944151561
54,1.5774123634825445,0.0,0.09992002944151561
55,1.5681364087580232,0.06538413961728413,0.09992002944151561
56,1.558748966009366,0.04007359345753988,0.09992002944151561
57,1.5514450854906494,0.029931098222732544,0.09992002944151561
58,1.5413968554937096,0.06840398907661438,0.09992002944151561
59,1.535685950748843,0.0,0.09992002944151561
60,1.528071031057837,0.08168234924475352,0.09992002944151561
61,1.5191104870375385,0.0,0.09992002944151561
62,1.5116077183127565,0.04881960153579712,0.09992002944151561
63,1.5031463864937524,0.10023943583170573,0.10023943583170573
64,1.4981358171820112,0.0,0.10023943583170573
65,1.491969495082227,0.05429654320081075,0.10023943583170573
66,1.4848372409030766,0.06356713424126308,0.10023943583170573
67,1.4779132411269702,0.07062166680892308,0.10023943583170573
68,1.4717872700320926,0.029505332310994465,0.10023943583170573
69,1.4642858547349868,0.05812390148639679,0.10023943583170573
70,1.4572858700819662,0.0,0.10023943583170573
71,1.4519399644012605,0.03411451975504557,0.10023943583170573
72,1.4442156629277207,0.0,0.10023943583170573
73,1.4399399948596774,0.0,0.10023943583170573
74,1.43310391457594,0.05679606397946676,0.10023943583170573
75,1.4265115188056592,0.03462124119202296,0.10023943583170573
76,1.4192758596602646,0.03422488272190094,0.10023943583170573
77,1.4123181471949158,0.10776493450005849,0.10776493450005849
78,1.4063033000096983,0.09985565394163132,0.10776493450005849
79,1.4000481219614418,0.04458268483479818,0.10776493450005849
80,1.395282346471373,0.09176288296778996,0.10776493450005849
81,1.3909601060160128,0.06913587284910362,0.10776493450005849
82,1.3836234385541852,0.035096071660518646,0.10776493450005849
83,1.3795236079709081,0.0,0.10776493450005849
84,1.3745513559111897,0.024446144700050354,0.10776493450005849
85,1.3676739159578089,0.0,0.10776493450005849
86,1.3623541361054794,0.0621342808008194,0.10776493450005849
87,1.356993644508594,0.0,0.10776493450005849
88,1.3511293011273022,0.06209993859132131,0.10776493450005849
89,1.3458756543050037,0.0837577333052953,0.10776493450005849
90,1.3405426956263653,0.07988167554140091,0.10776493450005849
91,1.3342635677019106,0.0,0.10776493450005849
92,1.3292041223799642,0.061256336669127144,0.10776493450005849
93,1.3237393036249854,0.04984496533870697,0.10776493450005849
94,1.3204605318456584,0.10690857966740926,0.10776493450005849
95,1.315053767793091,0.03524371429121647,0.10776493450005849
96,1.3107108904383509,0.052308263878027596,0.10776493450005849
97,1.3063834477298,0.026118258635203045,0.10776493450005849
98,1.2992498428246473,0.0,0.10776493450005849
99,1.2961694562059787,0.053728496034940086,0.10776493450005849
100,1.2923146404672832,0.10667088627815247,0.10776493450005849
