Rounds,Learning Rate,Client Fraction,Client Number,Local Epochs,Batch Size,Hidden Size,Weighting,Lexical Weighting
200,0.001,1.0,3,1,32,128,True,True
1,3.4136702852810337,0.0,0
2,3.2348230478600963,0.0,0
3,3.1617005340504463,0.0,0
4,3.211079986941385,0.0,0
5,3.3336543769253173,0.0,0
6,3.29724861319392,0.0,0
7,3.2685075087149964,0.0,0
8,3.2537792905887346,0.0,0
9,3.2376502094401665,0.0,0
10,3.220295876526856,0.0,0
11,3.2122069374779696,0.0,0
12,3.2018139732798048,0.0,0
13,3.187754271792825,0.0,0
14,3.1816700539092744,0.0,0
15,3.167321149251048,0.01815716632366097,0.01815716632366097
16,3.1642528252655793,0.0,0.01815716632366097
17,3.1519502674541555,0.0,0.01815716632366097
18,3.145740129874124,0.0,0.01815716632366097
19,3.1404595171193797,0.0,0.01815716632366097
20,3.132285155645184,0.0,0.01815716632366097
21,3.124789692095021,0.0,0.01815716632366097
22,3.1211206864552867,0.0,0.01815716632366097
23,3.115737658885982,0.0,0.01815716632366097
24,3.1141129170892348,0.0,0.01815716632366097
25,3.110069951460126,0.0,0.01815716632366097
26,3.105594739575695,0.0,0.01815716632366097
27,3.1002902447566214,0.0,0.01815716632366097
28,3.097301733025915,0.0,0.01815716632366097
29,3.0890344428415113,0.0,0.01815716632366097
30,3.0890666967349403,0.0,0.01815716632366097
31,3.086815096979048,0.0,0.01815716632366097
32,3.084646218786822,0.0,0.01815716632366097
33,3.083469280043572,0.026876650581555167,0.026876650581555167
34,3.077998811019828,0.011967199114415033,0.026876650581555167
35,3.0750197725179924,0.0,0.026876650581555167
36,3.0687563898408308,0.0,0.026876650581555167
37,3.073023526471996,0.0,0.026876650581555167
38,3.0740537158129917,0.015553114524091105,0.026876650581555167
39,3.0728640943939425,0.0,0.026876650581555167
40,3.0722717035371425,0.0,0.026876650581555167
41,3.06420028462148,0.0,0.026876650581555167
42,3.062549354470711,0.0,0.026876650581555167
43,3.0548839548743936,0.0,0.026876650581555167
44,3.0532987621397627,0.0,0.026876650581555167
45,3.0547778691783747,0.0,0.026876650581555167
46,3.0546440558301833,0.0,0.026876650581555167
47,3.05436365024641,0.0,0.026876650581555167
48,3.054899601739976,0.0,0.026876650581555167
49,3.0508813855102095,0.0,0.026876650581555167
50,3.0518672470122765,0.016514053360619892,0.026876650581555167
51,3.0504770182508416,0.0,0.026876650581555167
52,3.04781523975396,0.0,0.026876650581555167
53,3.047515534361778,0.0,0.026876650581555167
54,3.0471312618567246,0.0,0.026876650581555167
55,3.0456695534684104,0.03817243377367655,0.03817243377367655
56,3.0459597251611434,0.0,0.03817243377367655
57,3.0397741840301826,0.0,0.03817243377367655
58,3.0427983804432905,0.0,0.03817243377367655
59,3.036543759796002,0.027241090933481853,0.03817243377367655
60,3.040372874253876,0.0,0.03817243377367655
61,3.038325046662982,0.0,0.03817243377367655
62,3.0396970747951904,0.0,0.03817243377367655
63,3.0390627523804206,0.0,0.03817243377367655
64,3.0381154189337387,0.016122294206170968,0.03817243377367655
65,3.033607512878445,0.0,0.03817243377367655
66,3.037578609707216,0.035364844710408516,0.03817243377367655
67,3.0353793368908892,0.0,0.03817243377367655
68,3.036031009157387,0.0,0.03817243377367655
69,3.022240055327142,0.01787058593556986,0.03817243377367655
70,3.025229377984257,0.0,0.03817243377367655
71,3.02614731213068,0.019519321525366683,0.03817243377367655
72,3.0228956891266066,0.0,0.03817243377367655
73,3.02493057853548,0.0,0.03817243377367655
74,3.02889355526858,0.0,0.03817243377367655
75,3.022486883649583,0.0,0.03817243377367655
76,3.0240019524385864,0.0,0.03817243377367655
77,3.023303901924707,0.0,0.03817243377367655
78,3.0234154018913304,0.0,0.03817243377367655
79,3.0183316526124364,0.0,0.03817243377367655
80,3.0246976088747837,0.0,0.03817243377367655
81,3.021972659596132,0.0,0.03817243377367655
82,3.021641392108046,0.0,0.03817243377367655
83,3.022765147670453,0.0,0.03817243377367655
84,3.016851130331373,0.0,0.03817243377367655
85,3.018689021642468,0.0,0.03817243377367655
86,3.017372716430229,0.0,0.03817243377367655
87,3.0181949237005856,0.0,0.03817243377367655
88,3.021539074525325,0.0,0.03817243377367655
89,3.0211842152039607,0.018630092785104236,0.03817243377367655
90,3.0197213349115812,0.0,0.03817243377367655
91,3.018877317575075,0.0,0.03817243377367655
92,3.0162474106423915,0.0,0.03817243377367655
93,3.0167353277225537,0.0,0.03817243377367655
94,3.0156935272120875,0.0,0.03817243377367655
95,3.0151871952902205,0.0,0.03817243377367655
96,3.0159799444477073,0.0,0.03817243377367655
97,3.0195829502341653,0.01625096517506056,0.03817243377367655
98,3.021737034819992,0.0,0.03817243377367655
99,3.0151568369247825,0.0,0.03817243377367655
100,3.0193679735451906,0.0,0.03817243377367655
101,3.015882665073073,0.0,0.03817243377367655
102,3.019267308277334,0.0,0.03817243377367655
103,3.015409943503844,0.0,0.03817243377367655
104,3.0112190503301632,0.0,0.03817243377367655
105,3.014179235993938,0.0,0.03817243377367655
106,3.014690856738397,0.0,0.03817243377367655
107,3.0088717114908303,0.0,0.03817243377367655
108,nan,0.0,0.03817243377367655
109,nan,0.0,0.03817243377367655
110,nan,0.0,0.03817243377367655
111,nan,0.0,0.03817243377367655
112,nan,0.0,0.03817243377367655
113,nan,0.0,0.03817243377367655
114,nan,0.0,0.03817243377367655
115,nan,0.0,0.03817243377367655
116,nan,0.0,0.03817243377367655
117,nan,0.0,0.03817243377367655
118,nan,0.0,0.03817243377367655
119,nan,0.0,0.03817243377367655
120,nan,0.0,0.03817243377367655
121,nan,0.0,0.03817243377367655
122,nan,0.0,0.03817243377367655
123,nan,0.0,0.03817243377367655
124,nan,0.0,0.03817243377367655
125,nan,0.0,0.03817243377367655
126,nan,0.0,0.03817243377367655
127,nan,0.0,0.03817243377367655
128,nan,0.0,0.03817243377367655
129,nan,0.0,0.03817243377367655
130,nan,0.0,0.03817243377367655
131,nan,0.0,0.03817243377367655
132,nan,0.0,0.03817243377367655
133,nan,0.0,0.03817243377367655
134,nan,0.0,0.03817243377367655
135,nan,0.0,0.03817243377367655
136,nan,0.0,0.03817243377367655
137,nan,0.0,0.03817243377367655
138,nan,0.0,0.03817243377367655
139,nan,0.0,0.03817243377367655
140,nan,0.0,0.03817243377367655
141,nan,0.0,0.03817243377367655
142,nan,0.0,0.03817243377367655
143,nan,0.0,0.03817243377367655
144,nan,0.0,0.03817243377367655
145,nan,0.0,0.03817243377367655
146,nan,0.0,0.03817243377367655
147,nan,0.0,0.03817243377367655
148,nan,0.0,0.03817243377367655
149,nan,0.0,0.03817243377367655
150,nan,0.0,0.03817243377367655
151,nan,0.0,0.03817243377367655
152,nan,0.0,0.03817243377367655
153,nan,0.0,0.03817243377367655
154,nan,0.0,0.03817243377367655
155,nan,0.0,0.03817243377367655
156,nan,0.0,0.03817243377367655
157,nan,0.0,0.03817243377367655
158,nan,0.0,0.03817243377367655
159,nan,0.0,0.03817243377367655
160,nan,0.0,0.03817243377367655
161,nan,0.0,0.03817243377367655
162,nan,0.0,0.03817243377367655
163,nan,0.0,0.03817243377367655
164,nan,0.0,0.03817243377367655
165,nan,0.0,0.03817243377367655
166,nan,0.0,0.03817243377367655
167,nan,0.0,0.03817243377367655
168,nan,0.0,0.03817243377367655
169,nan,0.0,0.03817243377367655
170,nan,0.0,0.03817243377367655
171,nan,0.0,0.03817243377367655
172,nan,0.0,0.03817243377367655
173,nan,0.0,0.03817243377367655
174,nan,0.0,0.03817243377367655
175,nan,0.0,0.03817243377367655
176,nan,0.0,0.03817243377367655
177,nan,0.0,0.03817243377367655
178,nan,0.0,0.03817243377367655
179,nan,0.0,0.03817243377367655
180,nan,0.0,0.03817243377367655
181,nan,0.0,0.03817243377367655
182,nan,0.0,0.03817243377367655
183,nan,0.0,0.03817243377367655
184,nan,0.0,0.03817243377367655
185,nan,0.0,0.03817243377367655
186,nan,0.0,0.03817243377367655
187,nan,0.0,0.03817243377367655
188,nan,0.0,0.03817243377367655
189,nan,0.0,0.03817243377367655
190,nan,0.0,0.03817243377367655
191,nan,0.0,0.03817243377367655
192,nan,0.0,0.03817243377367655
193,nan,0.0,0.03817243377367655
194,nan,0.0,0.03817243377367655
195,nan,0.0,0.03817243377367655
196,nan,0.0,0.03817243377367655
197,nan,0.0,0.03817243377367655
198,nan,0.0,0.03817243377367655
199,nan,0.0,0.03817243377367655
200,nan,0.0,0.03817243377367655
