Rounds,Learning Rate,Client Fraction,Client Number,Local Epochs,Batch Size,Hidden Size
200,0.001,1.0,2,1,32,128
1,4.581972808400101,0.0,0
2,4.0683019255283845,0.0,0
3,3.7976579504419323,0.0,0
4,3.590637153938359,0.0,0
5,3.420071551032536,0.0,0
6,3.27576024413265,0.0,0
7,3.1470474264920982,0.028530249372124672,0.028530249372124672
8,3.0341340960887155,0.0,0.028530249372124672
9,2.9340210996682012,0.0,0.028530249372124672
10,2.8446352852687884,0.0,0.028530249372124672
11,2.759445062377967,0.0,0.028530249372124672
12,2.6851481696765456,0.0,0.028530249372124672
13,2.6175519072310878,0.0,0.028530249372124672
14,2.5563097739412366,0.04133009538054466,0.04133009538054466
15,2.5010461495909597,0.038916852325201035,0.04133009538054466
16,2.451100361207093,0.11162431165575981,0.11162431165575981
17,2.4065225957406895,0.0,0.11162431165575981
18,2.3646461202548155,0.0,0.11162431165575981
19,2.3219507342631047,0.05611767992377281,0.11162431165575981
20,2.283674363138778,0.0,0.11162431165575981
21,2.247804235758884,0.06940840184688568,0.11162431165575981
22,2.2154036218510305,0.0,0.11162431165575981
23,2.1813320484465573,0.07610063254833221,0.11162431165575981
24,2.1510121519383842,0.042016997933387756,0.11162431165575981
25,2.1259341086387353,0.0,0.11162431165575981
26,2.0974800112760423,0.0423341728746891,0.11162431165575981
27,2.0708387424520476,0.05544811859726906,0.11162431165575981
28,2.046087034682356,0.035906631499528885,0.11162431165575981
29,2.022645754785037,0.0,0.11162431165575981
30,1.9999936813087786,0.11183945834636688,0.11183945834636688
31,1.978886792928583,0.0803227648139,0.11183945834636688
32,1.954410902439069,0.18098296970129013,0.18098296970129013
33,1.9372952536508676,0.15584790706634521,0.18098296970129013
34,1.9147048718331212,0.08473902940750122,0.18098296970129013
35,1.8933691460081432,0.1347845271229744,0.18098296970129013
36,1.8749411572690766,0.09381181001663208,0.18098296970129013
37,1.8547196141026343,0.22622966021299362,0.22622966021299362
38,1.8342263278183042,0.07916438579559326,0.22622966021299362
39,1.8126303992678952,0.18956829607486725,0.22622966021299362
40,1.796110558787681,0.11846969276666641,0.22622966021299362
41,1.7764883565618521,0.20115355402231216,0.22622966021299362
42,1.758657881101983,0.07415704429149628,0.22622966021299362
43,1.7405180403433007,0.14959847182035446,0.22622966021299362
44,1.7235507762888362,0.15006188675761223,0.22622966021299362
45,1.704737235958412,0.1218266710639,0.22622966021299362
46,1.689563029039598,0.05732868239283562,0.22622966021299362
47,1.6720148985253833,0.18225010484457016,0.22622966021299362
48,1.658722720098107,0.1805722750723362,0.22622966021299362
49,1.6404621255156773,0.21364569664001465,0.22622966021299362
50,1.625223633060465,0.12011850625276566,0.22622966021299362
51,1.6125692046279696,0.13065892457962036,0.22622966021299362
52,1.595353871778039,0.15830344893038273,0.22622966021299362
53,1.577718108661141,0.09529872983694077,0.22622966021299362
54,1.5685012107754144,0.046707239001989365,0.22622966021299362
55,1.5544569387824232,0.15193313360214233,0.22622966021299362
56,1.5395833298547752,0.13363580033183098,0.22622966021299362
57,1.5261366684471331,0.10316082090139389,0.22622966021299362
58,1.514255309374229,0.06802193075418472,0.22622966021299362
59,1.5027147979759663,0.07592824101448059,0.22622966021299362
60,1.490991130862745,0.20621716976165771,0.22622966021299362
61,1.477368960541094,0.15623554587364197,0.22622966021299362
62,1.4699385909837737,0.1740693673491478,0.22622966021299362
63,1.4548573056170995,0.14623113721609116,0.22622966021299362
64,1.4450618154463444,0.0,0.22622966021299362
65,1.437840997683642,0.22586959600448608,0.22622966021299362
66,1.4260278922764922,0.11107022315263748,0.22622966021299362
67,1.4164014273955279,0.2701939567923546,0.2701939567923546
68,1.405072263000236,0.2210722640156746,0.2701939567923546
69,1.3980440452689,0.1894616112112999,0.2701939567923546
70,1.3877434894634817,0.24972639232873917,0.2701939567923546
71,1.37854679530379,0.36576245725154877,0.36576245725154877
72,1.3667907043123946,0.21646597981452942,0.36576245725154877
73,1.35827850881194,0.34506817162036896,0.36576245725154877
74,1.3483947014837678,0.32329490780830383,0.36576245725154877
75,1.339087525059168,0.24349752813577652,0.36576245725154877
76,1.3301202153142562,0.16644186526536942,0.36576245725154877
77,1.3214423377924098,0.22332234680652618,0.36576245725154877
78,1.3128084955336732,0.33484331518411636,0.36576245725154877
79,1.3055469269590652,0.24248523265123367,0.36576245725154877
80,1.2959369541568453,0.2821522653102875,0.36576245725154877
81,1.290807980705023,0.3353191912174225,0.36576245725154877
82,1.2819545693974357,0.2654251381754875,0.36576245725154877
83,1.2730480232218704,0.23158640414476395,0.36576245725154877
84,1.2681832889875677,0.16374386847019196,0.36576245725154877
85,1.2585408408341183,0.316517174243927,0.36576245725154877
86,1.2501948679565729,0.2224971055984497,0.36576245725154877
87,1.2453527745277306,0.1902575120329857,0.36576245725154877
88,1.2370699403708167,0.27573505640490964,0.36576245725154877
89,1.230502533153347,0.15582425147294998,0.36576245725154877
90,1.2249584295560174,0.2773364558815956,0.36576245725154877
91,1.2168748124983109,0.21223389357328415,0.36576245725154877
92,1.2107164611989925,0.13015341758728027,0.36576245725154877
93,1.2046293710908653,0.2682745158672333,0.36576245725154877
94,1.19805503272154,0.3258303105831146,0.36576245725154877
95,1.1922927669504209,0.27735599875450134,0.36576245725154877
96,1.1867498048738223,0.3072366416454315,0.36576245725154877
97,1.1806122435495228,0.3304781913757324,0.36576245725154877
98,1.1717111926506125,0.305489182472229,0.36576245725154877
99,1.1646129010353212,0.3035299777984619,0.36576245725154877
100,1.1588318350650892,0.23549901694059372,0.36576245725154877
101,1.1538618415913797,0.2749422490596771,0.36576245725154877
102,1.1482370652612344,0.20638132467865944,0.36576245725154877
103,1.14607796058209,0.25865474343299866,0.36576245725154877
104,1.1388043080414154,0.31846682727336884,0.36576245725154877
105,1.1338176569429093,0.1555451899766922,0.36576245725154877
106,1.1254997153699375,0.2702575623989105,0.36576245725154877
107,1.12012025519765,0.31502536684274673,0.36576245725154877
108,1.1158090458618513,0.27464575320482254,0.36576245725154877
109,1.109992062996995,0.2217348963022232,0.36576245725154877
110,1.1047623526111412,0.2976889908313751,0.36576245725154877
111,1.1021763736418866,0.2659664526581764,0.36576245725154877
112,1.0932924346786095,0.4774346500635147,0.4774346500635147
113,1.0904924579248678,0.3188423663377762,0.4774346500635147
114,1.084977114798436,0.2563145384192467,0.4774346500635147
115,1.0811703672925475,0.24779914319515228,0.4774346500635147
116,1.0769032695696183,0.36525747179985046,0.4774346500635147
117,1.0731576350796337,0.21719268709421158,0.4774346500635147
118,1.0671879490863696,0.34404227137565613,0.4774346500635147
119,1.0615102861374375,0.35790756344795227,0.4774346500635147
120,1.0592260232213766,0.3358224332332611,0.4774346500635147
121,1.0562180006379642,0.25371845066547394,0.4774346500635147
122,1.0487497127504652,0.30145103484392166,0.4774346500635147
123,1.045071854328513,0.19943813607096672,0.4774346500635147
124,1.0396337045570343,0.34871669113636017,0.4774346500635147
125,1.0368227848379006,0.27097057551145554,0.4774346500635147
126,1.0305142347359793,0.31779561936855316,0.4774346500635147
127,1.026900061169693,0.4367489516735077,0.4774346500635147
128,1.024806788795323,0.20745982229709625,0.4774346500635147
129,1.020495363012405,0.2289571911096573,0.4774346500635147
130,1.0179834786583937,0.26781753450632095,0.4774346500635147
131,1.0143344744683045,0.3842059075832367,0.4774346500635147
132,1.0102509326768396,0.3285743147134781,0.4774346500635147
133,1.0073132174764206,0.20699139684438705,0.4774346500635147
134,1.0017112676287934,0.3403685837984085,0.4774346500635147
135,0.9992318137764925,0.3245914429426193,0.4774346500635147
136,0.9971661352183194,0.33461393415927887,0.4774346500635147
137,0.9929711808398911,0.241600900888443,0.4774346500635147
138,0.9894779567396395,0.3862220495939255,0.4774346500635147
139,0.9875208985323244,0.18850015103816986,0.4774346500635147
140,0.984193317792874,0.3313645124435425,0.4774346500635147
141,0.9810402787834371,0.2043522149324417,0.4774346500635147
142,0.9774460265951307,0.3690173774957657,0.4774346500635147
143,0.9746446534945226,0.2647242471575737,0.4774346500635147
144,0.9721140985680208,0.2742285281419754,0.4774346500635147
145,0.9680253485684249,0.34498460590839386,0.4774346500635147
146,0.9648129219961176,0.25499090552330017,0.4774346500635147
147,0.9632496472319754,0.27846144884824753,0.4774346500635147
148,0.9583573256403766,0.2756756395101547,0.4774346500635147
149,0.9564903523675168,0.3422231823205948,0.4774346500635147
150,0.9542495262054013,0.297084778547287,0.4774346500635147
151,0.9519136683837037,0.27764324098825455,0.4774346500635147
152,0.9480459231348684,0.3777559697628021,0.4774346500635147
153,0.9439195567377638,0.41523972153663635,0.4774346500635147
154,0.9401653753302137,0.3171183168888092,0.4774346500635147
155,0.9368175457351079,0.3998691439628601,0.4774346500635147
156,0.9329321235501189,0.40800832211971283,0.4774346500635147
157,0.9294186175658461,0.3462473750114441,0.4774346500635147
158,0.9286517854128967,0.318869948387146,0.4774346500635147
159,0.9250500664848629,0.13077092170715332,0.4774346500635147
160,0.9244796740904674,0.5102653950452805,0.5102653950452805
161,0.9203452550296868,0.3966403156518936,0.5102653950452805
162,0.9172935893435845,0.2874352037906647,0.5102653950452805
163,0.9143825437700679,0.3175334259867668,0.5102653950452805
164,0.9128615234097449,0.36923401057720184,0.5102653950452805
165,0.9103244045559903,0.4313170164823532,0.5102653950452805
166,0.9088530399603596,0.20676211267709732,0.5102653950452805
167,0.9063204755195668,0.30997421592473984,0.5102653950452805
168,0.902653497238948,0.31882116943597794,0.5102653950452805
169,0.9011312233183475,0.46731992065906525,0.5102653950452805
170,0.8975021988181081,0.2014779970049858,0.5102653950452805
171,0.8939745653070974,0.31776127964258194,0.5102653950452805
172,0.891151249575383,0.2958004027605057,0.5102653950452805
173,0.8894233797090831,0.38604848086833954,0.5102653950452805
174,0.8874932099617139,0.259913831949234,0.5102653950452805
175,0.8865729590916656,0.29354847967624664,0.5102653950452805
176,0.8849318188645667,0.33803121745586395,0.5102653950452805
177,0.8824198598902047,0.2488425299525261,0.5102653950452805
178,0.883185892121544,0.2346198558807373,0.5102653950452805
179,0.8799238234546229,0.3502836674451828,0.5102653950452805
180,0.8778477005952974,0.24014519155025482,0.5102653950452805
181,0.8784419489767826,0.31777310371398926,0.5102653950452805
182,0.8751919233185447,0.30400942265987396,0.5102653950452805
183,0.8723841299759536,0.33159466087818146,0.5102653950452805
184,0.8736670726084386,0.29443229734897614,0.5102653950452805
185,0.8686496934321882,0.40172868967056274,0.5102653950452805
186,0.8682331473154221,0.41333258152008057,0.5102653950452805
187,0.8688672623290512,0.419471800327301,0.5102653950452805
188,0.8669230403690106,0.303142249584198,0.5102653950452805
189,0.8655049040866807,0.3372342512011528,0.5102653950452805
190,0.8616432888296417,0.23658683896064758,0.5102653950452805
191,0.8622434409283231,0.30701351165771484,0.5102653950452805
192,0.8589811602362349,0.3932352662086487,0.5102653950452805
193,0.856466989500358,0.3843616545200348,0.5102653950452805
194,0.8550002815426456,0.30634647607803345,0.5102653950452805
195,0.851523407026989,0.4187992364168167,0.5102653950452805
196,0.8516901204158742,0.4245194047689438,0.5102653950452805
197,0.8500328974151843,0.2934727966785431,0.5102653950452805
198,0.846843425817064,0.25959206372499466,0.5102653950452805
199,0.8468703594968666,0.4099360704421997,0.5102653950452805
200,0.8444091626389334,0.40949778258800507,0.5102653950452805
