1,7.495089530944824,0.0,0
2,7.347449779510498,0.0,0
3,7.182070255279541,0.0,0
4,7.032166004180908,0.0,0
5,6.8348541259765625,0.0,0
6,6.681636333465576,0.0,0
7,6.5021257400512695,0.0,0
8,6.441205024719238,0.0,0
9,6.2632060050964355,0.0,0
10,6.092635631561279,0.0,0
11,5.909186840057373,0.0,0
12,5.776920318603516,0.0,0
13,5.5779829025268555,0.0,0
14,5.448000907897949,0.0,0
15,5.251877307891846,0.0,0
16,5.136531829833984,0.0,0
17,4.989315986633301,0.0,0
18,4.856902122497559,0.0,0
19,4.691867351531982,0.0,0
20,4.49409294128418,0.0,0
21,4.375025272369385,0.0,0
22,4.242151260375977,0.0,0
23,4.094705104827881,0.0,0
24,3.960742473602295,0.0,0
25,3.7904980182647705,0.0,0
26,3.649592876434326,0.0,0
27,3.5309157371520996,0.0,0
28,3.3655567169189453,0.0,0
29,3.2612791061401367,0.0,0
30,3.156888723373413,0.0,0
31,3.0170907974243164,0.0,0
32,2.921269178390503,0.0,0
33,2.7703354358673096,0.0,0
34,2.6761903762817383,0.0642913709813601,0.0642913709813601
35,2.611625909805298,0.0,0.0642913709813601
36,2.4697372913360596,0.0,0.0642913709813601
37,2.389751434326172,0.0,0.0642913709813601
38,2.306356430053711,0.0,0.0642913709813601
39,2.2087066173553467,0.0,0.0642913709813601
40,2.16267991065979,0.0,0.0642913709813601
41,2.0534491539001465,0.0,0.0642913709813601
42,1.9753243923187256,0.0,0.0642913709813601
43,1.919077754020691,0.0,0.0642913709813601
44,1.8575855493545532,0.0,0.0642913709813601
45,1.7623597383499146,0.0,0.0642913709813601
46,1.684109091758728,0.0,0.0642913709813601
47,1.6413719654083252,0.0,0.0642913709813601
48,1.5754649639129639,0.0,0.0642913709813601
49,1.5095196962356567,0.0,0.0642913709813601
50,1.508957862854004,0.0,0.0642913709813601
51,1.3955553770065308,0.11170254921536446,0.11170254921536446
52,1.357663631439209,0.0,0.11170254921536446
53,1.2865432500839233,0.0,0.11170254921536446
54,1.2697182893753052,0.0,0.11170254921536446
55,1.196171760559082,0.0,0.11170254921536446
56,1.1336886882781982,0.0,0.11170254921536446
57,1.1165043115615845,0.041267680195406956,0.11170254921536446
58,1.0790886878967285,0.0,0.11170254921536446
59,1.0353093147277832,0.0,0.11170254921536446
60,0.9937386512756348,0.0,0.11170254921536446
61,0.9456694722175598,0.046711795032024384,0.11170254921536446
62,0.9166100025177002,0.0,0.11170254921536446
63,0.8643935322761536,0.05802483111619949,0.11170254921536446
64,0.8605916500091553,0.0,0.11170254921536446
65,0.832049548625946,0.0,0.11170254921536446
66,0.8073433637619019,0.0,0.11170254921536446
67,0.7582176327705383,0.0834452211856842,0.11170254921536446
68,0.7455765008926392,0.04992866516113281,0.11170254921536446
69,0.7201823592185974,0.0552421510219574,0.11170254921536446
70,0.6858842968940735,0.0,0.11170254921536446
71,0.6303228139877319,0.031741941363117254,0.11170254921536446
72,0.636232316493988,0.04757972061634064,0.11170254921536446
73,0.5915517807006836,0.0,0.11170254921536446
74,0.5859600305557251,0.0,0.11170254921536446
75,0.5593284368515015,0.03500591591000557,0.11170254921536446
76,0.5645692348480225,0.0,0.11170254921536446
77,0.524178683757782,0.0,0.11170254921536446
78,0.5253149271011353,0.059778518974781036,0.11170254921536446
79,0.4836766719818115,0.12560507655143738,0.12560507655143738
80,0.4710084795951843,0.0,0.12560507655143738
81,0.4499448835849762,0.0,0.12560507655143738
82,0.4551939070224762,0.08615611493587494,0.12560507655143738
83,0.43468722701072693,0.0,0.12560507655143738
84,0.4362235963344574,0.0,0.12560507655143738
85,0.41040655970573425,0.06005045771598816,0.12560507655143738
86,0.38963866233825684,0.07210934162139893,0.12560507655143738
87,0.3823157846927643,0.08937320113182068,0.12560507655143738
88,0.3726503849029541,0.06881764531135559,0.12560507655143738
89,0.34719812870025635,0.0,0.12560507655143738
90,0.34909844398498535,0.0,0.12560507655143738
91,0.34305039048194885,0.0,0.12560507655143738
92,0.3282301425933838,0.03038405440747738,0.12560507655143738
93,0.31164589524269104,0.0,0.12560507655143738
94,0.3033813238143921,0.08032888919115067,0.12560507655143738
95,0.3027333617210388,0.0,0.12560507655143738
96,0.2860097885131836,0.0,0.12560507655143738
97,0.2780674695968628,0.0,0.12560507655143738
98,0.28350821137428284,0.051879946142435074,0.12560507655143738
99,0.27082526683807373,0.02882975898683071,0.12560507655143738
100,0.25917965173721313,0.08493409305810928,0.12560507655143738
