1,6.213234083993094,0.0,0
2,4.5442295869191485,0.0,0
3,3.9657589480990456,0.16904534652005598,0.16904534652005598
4,3.6626884256090437,0.0,0.16904534652005598
5,3.4659926550728932,0.09254104677894684,0.16904534652005598
6,3.2916503179640997,0.09995274990797043,0.16904534652005598
7,3.1338661398206438,0.2658305432113589,0.2658305432113589
8,3.005708921523321,0.10159599118097891,0.2658305432113589
9,2.86495464188712,0.19777566194534302,0.2658305432113589
10,2.7765492598215737,0.2648356258869171,0.2658305432113589
11,2.6147871301287697,0.13511919975280762,0.2658305432113589
12,2.527404580797468,0.21270239353179932,0.2658305432113589
13,2.4056700695128668,0.25550949573516846,0.2658305432113589
14,2.317621344611758,0.1334349662065506,0.2658305432113589
15,2.2014715671539307,0.19079328943711088,0.2658305432113589
16,2.1050399258023216,0.271851122379303,0.271851122379303
17,2.0107531490780057,0.18792088329792023,0.271851122379303
18,1.9027437993458338,0.14984643459320068,0.271851122379303
19,1.8163649468194871,0.1262500137090683,0.271851122379303
20,1.7250443583443051,0.15471801161766052,0.271851122379303
21,1.642644314538865,0.2330280989408493,0.271851122379303
22,1.5427463962918235,0.37944769859313965,0.37944769859313965
23,1.4764150381088257,0.14130432903766632,0.37944769859313965
24,1.3938779149736678,0.2809138596057892,0.37944769859313965
25,1.3092265696752639,0.2743813991546631,0.37944769859313965
26,1.24898366133372,0.18188996613025665,0.37944769859313965
27,1.180326833611443,0.32879430055618286,0.37944769859313965
28,1.1153222038632347,0.43143296241760254,0.43143296241760254
29,1.041388335682097,0.20910954475402832,0.43143296241760254
30,0.9882035482497442,0.2644806206226349,0.43143296241760254
31,0.9334446787834167,0.28083306550979614,0.43143296241760254
32,0.8886475932030451,0.4644223153591156,0.4644223153591156
33,0.83472398349217,0.527756929397583,0.527756929397583
34,0.7859679829506647,0.41097143292427063,0.527756929397583
35,0.7358980491047814,0.4721332788467407,0.527756929397583
36,0.709012732619331,0.39159128069877625,0.527756929397583
37,0.6668103053456261,0.3981597423553467,0.527756929397583
38,0.6237176287741888,0.5224880576133728,0.527756929397583
39,0.59041951525779,0.25810933113098145,0.527756929397583
40,0.5552769317513421,0.5210135579109192,0.527756929397583
41,0.5295976215884799,0.37799763679504395,0.527756929397583
42,0.4986632863680522,0.6485713720321655,0.6485713720321655
43,0.47326281099092393,0.5369808673858643,0.6485713720321655
44,0.44224577574502855,0.5292670726776123,0.6485713720321655
45,0.42186029468263897,0.5084245204925537,0.6485713720321655
46,0.3933712840080261,0.5582860708236694,0.6485713720321655
47,0.3740998733611334,0.4975532591342926,0.6485713720321655
48,0.35022618089403423,0.5175264477729797,0.6485713720321655
49,0.33516426597322735,0.5323317050933838,0.6485713720321655
50,0.31819555731046767,0.5571960210800171,0.6485713720321655
51,0.29700885925974163,0.40961217880249023,0.6485713720321655
52,0.2864186671518144,0.5782663226127625,0.6485713720321655
53,0.27090805981840405,0.26691126823425293,0.6485713720321655
54,0.25486211478710175,0.4203983247280121,0.6485713720321655
55,0.2410886748915627,0.3622516393661499,0.6485713720321655
56,0.23259733830179488,0.5660994052886963,0.6485713720321655
57,0.216388701682999,0.7186726331710815,0.7186726331710815
58,0.21031837591103145,0.6499603390693665,0.7186726331710815
59,0.19982360942023142,0.5689022541046143,0.7186726331710815
60,0.1870861699183782,0.6711366772651672,0.7186726331710815
61,0.17802895463648297,0.7570134401321411,0.7570134401321411
62,0.1706898162762324,0.6665276288986206,0.7570134401321411
63,0.16482907036940256,0.5962361097335815,0.7570134401321411
64,0.15684691674652554,0.5992976427078247,0.7570134401321411
65,0.1513079564486231,0.6171001195907593,0.7570134401321411
66,0.14625352904910133,0.6962867379188538,0.7570134401321411
67,0.13953080063774473,0.60439532995224,0.7570134401321411
68,0.13400825964553015,0.5235801935195923,0.7570134401321411
69,0.13177806777613504,0.5551213622093201,0.7570134401321411
70,0.12391332111188344,0.5850777626037598,0.7570134401321411
71,0.11920729527870814,0.5780578255653381,0.7570134401321411
72,0.11303045707089561,0.5625467300415039,0.7570134401321411
73,0.11098192774114155,0.7079965472221375,0.7570134401321411
74,0.10531957341091973,0.5962638854980469,0.7570134401321411
75,0.10366157193978627,0.6023294925689697,0.7570134401321411
76,0.09711250698282606,0.5735762715339661,0.7570134401321411
77,0.09835870599462873,0.7066352963447571,0.7570134401321411
78,0.09321934623377663,0.6386245489120483,0.7570134401321411
79,0.08870808975327582,0.6191649436950684,0.7570134401321411
80,0.08653125450724647,0.5980077385902405,0.7570134401321411
81,0.08173230361370813,0.692028284072876,0.7570134401321411
82,0.08083573906194597,0.6820648312568665,0.7570134401321411
83,0.08020632004454023,0.6525543928146362,0.7570134401321411
84,0.07696366611690748,0.7212710976600647,0.7570134401321411
85,0.07663286175756227,0.7337242364883423,0.7570134401321411
86,0.07215626200749761,0.6258116960525513,0.7570134401321411
87,0.07041814337883677,0.5908877849578857,0.7570134401321411
88,0.07043545196453731,0.6918154954910278,0.7570134401321411
89,0.06854772851580665,0.7378656268119812,0.7570134401321411
90,0.0662732550076076,0.6889099478721619,0.7570134401321411
91,0.06379471151601701,0.7862352728843689,0.7862352728843689
92,0.06095849332355317,0.6321762800216675,0.7862352728843689
93,0.06236769258975983,0.7421041131019592,0.7862352728843689
94,0.06005547160194034,0.8149828314781189,0.8149828314781189
95,0.05668546667411214,0.6292784214019775,0.8149828314781189
96,0.05521072269905181,0.7370391488075256,0.8149828314781189
97,0.05389972013377008,0.7481921911239624,0.8149828314781189
98,0.0533850970012801,0.6661896705627441,0.8149828314781189
99,0.05033776075357482,0.7455168962478638,0.8149828314781189
100,0.0508134381047317,0.7077755331993103,0.8149828314781189
