1,6.464431467510405,0.015866804867982864,0.015866804867982864
2,4.6633101644970125,0.06190755218267441,0.06190755218267441
3,3.9325094563620433,0.09813743829727173,0.09813743829727173
4,3.6549500964936756,0.16286542044987168,0.16286542044987168
5,3.455716303416661,0.1729842852904433,0.1729842852904433
6,3.257997921534947,0.2620353400707245,0.2620353400707245
7,3.1141521022433327,0.11278408020734787,0.2620353400707245
8,2.9837968122391474,0.11275328904359656,0.2620353400707245
9,2.8518570150647844,0.047468554228544235,0.2620353400707245
10,2.725949752898443,0.2143283188343048,0.2620353400707245
11,2.6009145237150646,0.17200487852096558,0.2620353400707245
12,2.476559491384597,0.11949178195944425,0.2620353400707245
13,2.3759937626974925,0.1415674239397049,0.2620353400707245
14,2.2604427621478127,0.13580457866191864,0.2620353400707245
15,2.1590471210933866,0.24383783340454102,0.2620353400707245
16,2.0533016806557063,0.2883853018283844,0.2883853018283844
17,1.9370537542161488,0.18874763394927577,0.2883853018283844
18,1.8630396525065105,0.1304926138219514,0.2883853018283844
19,1.7625339598882765,0.1753686448634862,0.2883853018283844
20,1.669210468019758,0.14859479665756226,0.2883853018283844
21,1.5813893988018943,0.17113760113716125,0.2883853018283844
22,1.48787294115339,0.2336943556236172,0.2883853018283844
23,1.4149344308035714,0.2754291892051697,0.2883853018283844
24,1.3419707389104933,0.20464344322681427,0.2883853018283844
25,1.2520743097577776,0.42630240321159363,0.42630240321159363
26,1.190446138381958,0.3095637559890747,0.42630240321159363
27,1.1186799946285428,0.38037109375,0.42630240321159363
28,1.0500896885281517,0.28113406896591187,0.42630240321159363
29,1.0037889622506642,0.2672182619571686,0.42630240321159363
30,0.9440652359099615,0.2492303625148578,0.42630240321159363
31,0.8895125218800136,0.40979066491127014,0.42630240321159363
32,0.837859224705469,0.3402959406375885,0.42630240321159363
33,0.7830871996425447,0.4551939070224762,0.4551939070224762
34,0.7439414433070591,0.4315417408943176,0.4551939070224762
35,0.7007826169331869,0.3872983455657959,0.4551939070224762
36,0.6555539852096921,0.4330407679080963,0.4551939070224762
37,0.6139009112403506,0.4775739312171936,0.4775739312171936
38,0.583689584618523,0.3619789183139801,0.4775739312171936
39,0.5477401685147059,0.4771910309791565,0.4775739312171936
40,0.5159395308721633,0.3808046579360962,0.4775739312171936
41,0.49147613701366244,0.5210298895835876,0.5210298895835876
42,0.4581391343048641,0.5266169905662537,0.5266169905662537
43,0.4342264760108221,0.6519549489021301,0.6519549489021301
44,0.4150150546005794,0.6718049645423889,0.6718049645423889
45,0.3864266262167976,0.6510735154151917,0.6718049645423889
46,0.3653634332475208,0.6116998195648193,0.6718049645423889
47,0.34944963668073925,0.6137564778327942,0.6718049645423889
48,0.32694487486566814,0.5045999884605408,0.6718049645423889
49,0.30871772056534175,0.6414783000946045,0.6718049645423889
50,0.29294941467898233,0.5934860110282898,0.6718049645423889
51,0.2781290575152352,0.6321946382522583,0.6718049645423889
52,0.2686815070254462,0.5457184314727783,0.6718049645423889
53,0.2553032359906605,0.6587954163551331,0.6718049645423889
54,0.23555138139497667,0.589875340461731,0.6718049645423889
55,0.23001995044095175,0.5475472807884216,0.6718049645423889
56,0.21726559031577336,0.7281400561332703,0.7281400561332703
57,0.20577344795068106,0.6985929012298584,0.7281400561332703
58,0.19215588058744157,0.6937687397003174,0.7281400561332703
59,0.1837278384537924,0.6870889067649841,0.7281400561332703
60,0.17240833597523825,0.6169008016586304,0.7281400561332703
61,0.1684457262357076,0.484413743019104,0.7281400561332703
62,0.16376960419473194,0.6772747039794922,0.7281400561332703
63,0.15432758593843096,0.6326882839202881,0.7281400561332703
64,0.1492382837902932,0.655465304851532,0.7281400561332703
65,0.14207854192881358,0.7108668088912964,0.7281400561332703
66,0.13801682137307666,0.7052851319313049,0.7281400561332703
67,0.12918791210367567,0.7170796394348145,0.7281400561332703
68,0.12456667990911574,0.6675833463668823,0.7281400561332703
69,0.11950300953217916,0.704512894153595,0.7281400561332703
70,0.11473016902094796,0.68137526512146,0.7281400561332703
71,0.11414977127597445,0.6616004705429077,0.7281400561332703
72,0.10632185034808658,0.716180682182312,0.7281400561332703
73,0.1054574999780882,0.7353816628456116,0.7353816628456116
74,0.1031143803681646,0.7555790543556213,0.7555790543556213
75,0.09723706933714095,0.7496293187141418,0.7555790543556213
76,0.09311599461805253,0.6551573872566223,0.7555790543556213
77,0.09325832341398511,0.7647245526313782,0.7647245526313782
78,0.08800428644532249,0.7935850620269775,0.7935850620269775
79,0.08481009481918245,0.7118985056877136,0.7935850620269775
80,0.0825724910412516,0.6046208143234253,0.7935850620269775
81,0.0825091309490658,0.7642570734024048,0.7935850620269775
82,0.07554173771114576,0.7834402322769165,0.7935850620269775
83,0.07555388056096576,0.7579351663589478,0.7935850620269775
84,0.07538674860483124,0.7186440825462341,0.7935850620269775
85,0.0697113098133178,0.7974467277526855,0.7974467277526855
86,0.0686764239910103,0.7239227294921875,0.7974467277526855
87,0.06648361682891846,0.7383177280426025,0.7974467277526855
88,0.06464346977216857,0.7087919116020203,0.7974467277526855
89,0.06374181452251616,0.727048397064209,0.7974467277526855
90,0.06330205854915437,0.7295154929161072,0.7974467277526855
91,0.06005325877950305,0.7570269703865051,0.7974467277526855
92,0.05610541963861102,0.6897845268249512,0.7974467277526855
93,0.060657609076727,0.827189564704895,0.827189564704895
94,0.06135044974230584,0.6118876934051514,0.827189564704895
95,0.055415582266591844,0.7595012187957764,0.827189564704895
96,0.05385954571621759,0.6884511113166809,0.827189564704895
97,0.05289321073463985,0.7408637404441833,0.827189564704895
98,0.051724175966921304,0.6460394263267517,0.827189564704895
99,0.05121564439364842,0.6591227054595947,0.827189564704895
100,0.049807301589420865,0.8194378018379211,0.827189564704895
