1,6.277424653371175,0.0,0
2,4.567481688090733,0.0,0
3,3.9411352475484214,0.0,0
4,3.6612934271494546,0.0,0
5,3.4461033003670827,0.0,0
6,3.2677692345210483,0.0,0
7,3.120816049121675,0.0,0
8,2.9904698871430897,0.0,0
9,2.8395782311757407,0.0,0
10,2.7128724257151284,0.0,0
11,2.599966355732509,0.0,0
12,2.482638432866051,0.0,0
13,2.362223261878604,0.0,0
14,2.253867262885684,0.0,0
15,2.1651996033532277,0.0,0
16,2.0464263132640292,0.0,0
17,1.944455175172715,0.0,0
18,1.8715581893920898,0.0,0
19,1.7693183365322294,0.0,0
20,1.6766657772518339,0.0,0
21,1.580679910523551,0.0,0
22,1.4931644712175642,0.0,0
23,1.407632793698992,0.0,0
24,1.3439065672102428,0.0,0
25,1.2512625115258353,0.0,0
26,1.1925294342495145,0.0,0
27,1.1303196748097737,0.0,0
28,1.0534453420411973,0.0,0
29,0.9908104737599691,0.0,0
30,0.9431370468366713,0.0,0
31,0.886947044304439,0.0,0
32,0.8345035995755877,0.0,0
33,0.7892271251905532,0.0,0
34,0.7445113573755536,0.0,0
35,0.6990460015478588,0.0,0
36,0.6611856676283336,0.0,0
37,0.6210917234420776,0.0,0
38,0.5830465058485667,0.0,0
39,0.5423349496864137,0.0,0
40,0.5182171563307444,0.0,0
41,0.49120311793826876,0.0,0
42,0.4560744109607878,0.0,0
43,0.43377673625946045,0.0,0
44,0.4140090346336365,0.0,0
45,0.392415505079996,0.0,0
46,0.36344126008805777,0.0,0
47,0.3456210224401383,0.0,0
48,0.33055248572712853,0.0,0
49,0.3110231423661822,0.0,0
50,0.2955898614156814,0.0,0
51,0.2698449222814469,0.0,0
52,0.26213405103910536,0.0,0
53,0.25096710806801203,0.0,0
54,0.23559378016562688,0.0,0
55,0.22462098868120284,0.0,0
56,0.2062229130949293,0.0,0
57,0.20473817274683997,0.0,0
58,0.19498894044331141,0.0,0
59,0.18394667264961062,0.0,0
60,0.1771632887068249,0.0,0
61,0.17090940475463867,0.0,0
62,0.16234354107152849,0.0,0
63,0.15247888437339238,0.0,0
64,0.14870834137712205,0.0,0
65,0.14143759473448708,0.0,0
66,0.1366631839246977,0.0,0
67,0.13160947036175502,0.0,0
68,0.125070686851229,0.0,0
69,0.12445238693839028,0.0,0
70,0.11764405100118547,0.0,0
71,0.10793049065839677,0.0,0
72,0.11202140897512436,0.0,0
73,0.1087277950275512,0.0,0
74,0.1020398246390479,0.0,0
75,0.0977673637015479,0.0,0
76,0.094493034694876,0.0,0
77,0.09473855651560284,0.0,0
78,0.0890143769127982,0.0,0
79,0.08700750910100483,0.0,0
80,0.08288253524473735,0.0,0
81,0.0794391617888496,0.0,0
82,0.07752031495883352,0.0,0
83,0.07671015124235835,0.0,0
84,0.0723450579458759,0.0,0
85,0.07121281716085616,0.0,0
86,0.06816670263097399,0.0,0
87,0.06809406053452265,0.0,0
88,0.06729729828380403,0.0,0
89,0.0648246260271186,0.0,0
90,0.061254194449810756,0.0,0
91,0.06172823373760496,0.0,0
92,0.06007812704358782,0.0,0
93,0.05745500645467213,0.0,0
94,0.0577792182919525,0.0,0
95,0.05433497373901662,0.0,0
96,0.05368377552146003,0.0,0
97,0.05308581054920242,0.0,0
98,0.051437241690499444,0.0,0
99,0.05068170846927734,0.0,0
100,0.05029878641168276,0.0,0
