1,6.078130313328335,0.0,0
2,4.287343008177621,0.04113028943538666,0.04113028943538666
3,3.8289905105318343,0.033333029597997665,0.04113028943538666
4,3.5539759397506714,0.09253190457820892,0.09253190457820892
5,3.3673263107027327,0.07570116966962814,0.09253190457820892
6,3.199079249586378,0.11457585543394089,0.11457585543394089
7,3.0484278968402316,0.25966978073120117,0.25966978073120117
8,2.9190919995307922,0.08276142925024033,0.25966978073120117
9,2.794056866850172,0.2506285011768341,0.25966978073120117
10,2.6432015342371806,0.22122801840305328,0.25966978073120117
11,2.557774326631001,0.18824897706508636,0.25966978073120117
12,2.4407910065991536,0.12548424303531647,0.25966978073120117
13,2.3203591789518083,0.16788756847381592,0.25966978073120117
14,2.2059633135795593,0.17658616602420807,0.25966978073120117
15,2.1018795328480855,0.17419029772281647,0.25966978073120117
16,2.001646480390004,0.19927945733070374,0.25966978073120117
17,1.8789382172482354,0.25173938274383545,0.25966978073120117
18,1.8200134294373649,0.2720576822757721,0.2720576822757721
19,1.7145110539027624,0.2624184191226959,0.2720576822757721
20,1.6391722006457192,0.18548073143766222,0.2720576822757721
21,1.5533516619886671,0.11166620254516602,0.2720576822757721
22,1.4762607770306724,0.2664531171321869,0.2720576822757721
23,1.4012995915753501,0.3247080147266388,0.3247080147266388
24,1.3234226277896337,0.19644500315189362,0.3247080147266388
25,1.2457850788320814,0.2966063618659973,0.3247080147266388
26,1.1828802930457252,0.15458379685878754,0.3247080147266388
27,1.1204240024089813,0.25741592049598694,0.3247080147266388
28,1.0637489025081908,0.12596198068285375,0.3247080147266388
29,1.0148002611739295,0.17190009355545044,0.3247080147266388
30,0.9526874018566949,0.26114222407341003,0.3247080147266388
31,0.9017229399510792,0.3105097711086273,0.3247080147266388
32,0.8436066103833062,0.29879891872406006,0.3247080147266388
33,0.8038886870656695,0.13321754336357117,0.3247080147266388
34,0.7658090059246335,0.341031014919281,0.341031014919281
35,0.7162008966718402,0.39210769534111023,0.39210769534111023
36,0.6821404014314923,0.40356945991516113,0.40356945991516113
37,0.6394749688250678,0.49597007036209106,0.49597007036209106
38,0.6129079471741404,0.35236743092536926,0.49597007036209106
39,0.5883002366338458,0.28848347067832947,0.49597007036209106
40,0.5480725158538137,0.4473700225353241,0.49597007036209106
41,0.5192561628563064,0.2869689464569092,0.49597007036209106
42,0.4951923904674394,0.4597201645374298,0.49597007036209106
43,0.4676355687635286,0.41803818941116333,0.49597007036209106
44,0.43699035687105997,0.5096116662025452,0.5096116662025452
45,0.4189662550176893,0.5871326327323914,0.5871326327323914
46,0.397582046687603,0.38795945048332214,0.5871326327323914
47,0.3722034969500133,0.3292301893234253,0.5871326327323914
48,0.3539939144892352,0.5203359723091125,0.5871326327323914
49,0.33920326296772274,0.26166534423828125,0.5871326327323914
50,0.3213817647525242,0.5733634829521179,0.5871326327323914
51,0.3070230984262058,0.49481630325317383,0.5871326327323914
52,0.2892124812517847,0.32479578256607056,0.5871326327323914
53,0.2839214668742248,0.4890883266925812,0.5871326327323914
54,0.2576278035662004,0.6479769349098206,0.6479769349098206
55,0.24886612434472358,0.5871630907058716,0.6479769349098206
56,0.2340462984783309,0.6006395816802979,0.6479769349098206
57,0.22282166938696588,0.5341644883155823,0.6479769349098206
58,0.2142621230866228,0.500694751739502,0.6479769349098206
59,0.2008368293089526,0.38724958896636963,0.6479769349098206
60,0.19493165984749794,0.4199672043323517,0.6479769349098206
61,0.17853484515632903,0.46051692962646484,0.6479769349098206
62,0.17324871569871902,0.5464189052581787,0.6479769349098206
63,0.16343576354639872,0.5452715158462524,0.6479769349098206
64,0.16023745414401805,0.5645038485527039,0.6479769349098206
65,0.15725355808223998,0.5998762249946594,0.6479769349098206
66,0.1463914340628045,0.5133460760116577,0.6479769349098206
67,0.14085378710712707,0.49954885244369507,0.6479769349098206
68,0.13945796793060644,0.6222193837165833,0.6479769349098206
69,0.1302097381225654,0.7246811985969543,0.7246811985969543
70,0.12652422115206718,0.48580247163772583,0.7246811985969543
71,0.11757222296936172,0.7094264626502991,0.7246811985969543
72,0.11452763128493514,0.47819647192955017,0.7246811985969543
73,0.11366530321538448,0.6592151522636414,0.7246811985969543
74,0.10663561709225178,0.7218298316001892,0.7246811985969543
75,0.10533503576048783,0.4980795085430145,0.7246811985969543
76,0.0986660434199231,0.5673679113388062,0.7246811985969543
77,0.09700582389320646,0.6809210777282715,0.7246811985969543
78,0.09169296926951834,0.593104898929596,0.7246811985969543
79,0.09062124096921512,0.6461052298545837,0.7246811985969543
80,0.08709642876471792,0.6387410163879395,0.7246811985969543
81,0.08428049047610589,0.6565071940422058,0.7246811985969543
82,0.08222745518599238,0.7218332886695862,0.7246811985969543
83,0.07986087697957243,0.7333269119262695,0.7333269119262695
84,0.07631927329514708,0.6109074950218201,0.7333269119262695
85,0.07527089012520653,0.5337881445884705,0.7333269119262695
86,0.07138240297458001,0.5932930707931519,0.7333269119262695
87,0.06934335282338518,0.535260796546936,0.7333269119262695
88,0.067023491486907,0.6509389281272888,0.7333269119262695
89,0.06795295966523034,0.5875351428985596,0.7333269119262695
90,0.06456796944673572,0.5229792594909668,0.7333269119262695
91,0.0633759940309184,0.7073652744293213,0.7333269119262695
92,0.060496260944221704,0.48325976729393005,0.7333269119262695
93,0.05957923603377172,0.6310670971870422,0.7333269119262695
94,0.05860012916049787,0.508770763874054,0.7333269119262695
95,0.057272463238665035,0.5087190270423889,0.7333269119262695
96,0.053965464899582524,0.7103594541549683,0.7333269119262695
97,0.052711126926754205,0.6148201823234558,0.7333269119262695
98,0.05324332123356206,0.6319658160209656,0.7333269119262695
99,0.052935395921979635,0.4467826187610626,0.7333269119262695
100,0.05200490461928504,0.7118002772331238,0.7333269119262695
