1,5.245121002197266,0.0,0
2,5.038247585296631,0.0,0
3,4.80717658996582,0.0,0
4,4.580667018890381,0.0,0
5,4.364731788635254,0.0,0
6,4.136282444000244,0.0,0
7,3.909311294555664,0.0,0
8,3.7112250328063965,0.0,0
9,3.497119188308716,0.0,0
10,3.332627534866333,0.0,0
11,3.1781115531921387,0.0,0
12,3.042804479598999,0.0,0
13,2.8926923274993896,0.0,0
14,2.7595725059509277,0.0,0
15,2.6250088214874268,0.0,0
16,2.483067512512207,0.0,0
17,2.3702166080474854,0.0,0
18,2.253763198852539,0.07415591925382614,0.07415591925382614
19,2.1377298831939697,0.0,0.07415591925382614
20,2.0072479248046875,0.0,0.07415591925382614
21,1.9161790609359741,0.0531938299536705,0.07415591925382614
22,1.8243252038955688,0.0,0.07415591925382614
23,1.7213172912597656,0.0,0.07415591925382614
24,1.6346549987792969,0.0,0.07415591925382614
25,1.5400903224945068,0.0,0.07415591925382614
26,1.4559330940246582,0.13238845765590668,0.13238845765590668
27,1.3736696243286133,0.0,0.13238845765590668
28,1.3001549243927002,0.07918400317430496,0.13238845765590668
29,1.2224196195602417,0.12890858948230743,0.13238845765590668
30,1.1559652090072632,0.07074222713708878,0.13238845765590668
31,1.081194519996643,0.09754057973623276,0.13238845765590668
32,1.0268685817718506,0.11547458916902542,0.13238845765590668
33,0.954928457736969,0.12764650583267212,0.13238845765590668
34,0.9061539173126221,0.0,0.13238845765590668
35,0.8415738940238953,0.0,0.13238845765590668
36,0.787821352481842,0.07980581372976303,0.13238845765590668
37,0.7597158551216125,0.06389811635017395,0.13238845765590668
38,0.704389214515686,0.0,0.13238845765590668
39,0.642876148223877,0.09536132961511612,0.13238845765590668
40,0.6170887351036072,0.0,0.13238845765590668
41,0.5637579560279846,0.04484941437840462,0.13238845765590668
42,0.5294691920280457,0.13654865324497223,0.13654865324497223
43,0.5023151636123657,0.0,0.13654865324497223
44,0.466183066368103,0.046693332493305206,0.13654865324497223
45,0.4301590025424957,0.0,0.13654865324497223
46,0.40791359543800354,0.0488952174782753,0.13654865324497223
47,0.37642422318458557,0.06847819685935974,0.13654865324497223
48,0.3586547076702118,0.0650717169046402,0.13654865324497223
49,0.3366631269454956,0.0,0.13654865324497223
50,0.3093580901622772,0.09302181005477905,0.13654865324497223
51,0.29659444093704224,0.0,0.13654865324497223
52,0.2757151126861572,0.0,0.13654865324497223
53,0.265516459941864,0.041064366698265076,0.13654865324497223
54,0.24558524787425995,0.08631366491317749,0.13654865324497223
55,0.23432262241840363,0.10619017481803894,0.13654865324497223
56,0.2188027948141098,0.08512704819440842,0.13654865324497223
57,0.2098340094089508,0.044013869017362595,0.13654865324497223
58,0.20052999258041382,0.04714420437812805,0.13654865324497223
59,0.1861380785703659,0.0,0.13654865324497223
60,0.17662888765335083,0.08171910047531128,0.13654865324497223
61,0.16870975494384766,0.11235637962818146,0.13654865324497223
62,0.15676195919513702,0.0,0.13654865324497223
63,0.150505930185318,0.045515596866607666,0.13654865324497223
64,0.1437176913022995,0.0,0.13654865324497223
65,0.13565589487552643,0.0,0.13654865324497223
66,0.12669628858566284,0.0,0.13654865324497223
67,0.12331634759902954,0.06120247393846512,0.13654865324497223
68,0.11861442774534225,0.09040648490190506,0.13654865324497223
69,0.11291158944368362,0.0,0.13654865324497223
70,0.10747329890727997,0.06411892175674438,0.13654865324497223
71,0.1011665090918541,0.06240754574537277,0.13654865324497223
72,0.09922477602958679,0.07200178503990173,0.13654865324497223
73,0.09203029423952103,0.10740119218826294,0.13654865324497223
74,0.08968541771173477,0.0,0.13654865324497223
75,0.08792996406555176,0.038376182317733765,0.13654865324497223
76,0.08443719148635864,0.1426793932914734,0.1426793932914734
77,0.07943300902843475,0.03969874605536461,0.1426793932914734
78,0.07737956196069717,0.06423123180866241,0.1426793932914734
79,0.07527018338441849,0.10663434118032455,0.1426793932914734
80,0.07345079630613327,0.08770081400871277,0.1426793932914734
81,0.0691840872168541,0.0827990472316742,0.1426793932914734
82,0.06514941900968552,0.172315776348114,0.172315776348114
83,0.06538691371679306,0.17330533266067505,0.17330533266067505
84,0.061553940176963806,0.0,0.17330533266067505
85,0.060980409383773804,0.07130756974220276,0.17330533266067505
86,0.0588313564658165,0.04817540943622589,0.17330533266067505
87,0.055631183087825775,0.0,0.17330533266067505
88,0.05598234757781029,0.18565134704113007,0.18565134704113007
89,0.05374406278133392,0.0,0.18565134704113007
90,0.05153337121009827,0.04760059714317322,0.18565134704113007
91,0.05116603896021843,0.04736210033297539,0.18565134704113007
92,0.04971903935074806,0.0,0.18565134704113007
93,0.04808478429913521,0.1731078177690506,0.18565134704113007
94,0.047814883291721344,0.03912170231342316,0.18565134704113007
95,0.045623764395713806,0.1949589103460312,0.1949589103460312
96,0.045624636113643646,0.13677102327346802,0.1949589103460312
97,0.0441414937376976,0.05372457951307297,0.1949589103460312
98,0.0424371100962162,0.050869885832071304,0.1949589103460312
99,0.042742665857076645,0.10092750191688538,0.1949589103460312
100,0.039697274565696716,0.0,0.1949589103460312
