1,5.1800642013549805,0.0,0
2,4.8046956062316895,0.0,0
3,4.419451713562012,0.0,0
4,4.012838840484619,0.0,0
5,3.6134259700775146,0.0,0
6,3.2440662384033203,0.0,0
7,2.9132494926452637,0.0,0
8,2.640733242034912,0.0,0
9,2.4421370029449463,0.0,0
10,2.2810614109039307,0.0,0
11,2.1706972122192383,0.0,0
12,2.0493085384368896,0.0,0
13,1.9517109394073486,0.0,0
14,1.848616600036621,0.0,0
15,1.735247015953064,0.0,0
16,1.6634302139282227,0.0,0
17,1.573175072669983,0.0,0
18,1.5007346868515015,0.0,0
19,1.4251827001571655,0.0,0
20,1.3558632135391235,0.0,0
21,1.2891685962677002,0.0,0
22,1.2286018133163452,0.0,0
23,1.1637357473373413,0.0,0
24,1.1134910583496094,0.0,0
25,1.0481154918670654,0.0,0
26,1.0119708776474,0.0,0
27,0.9555595517158508,0.0,0
28,0.909104585647583,0.0,0
29,0.8666445016860962,0.0,0
30,0.8238479495048523,0.0,0
31,0.7904641628265381,0.0,0
32,0.7554416060447693,0.0,0
33,0.7129541039466858,0.0,0
34,0.681009829044342,0.0,0
35,0.650564968585968,0.0,0
36,0.6196608543395996,0.0,0
37,0.5885592699050903,0.0,0
38,0.5538254380226135,0.0,0
39,0.5316881537437439,0.0,0
40,0.5058478713035583,0.0,0
41,0.4814121723175049,0.0,0
42,0.46631327271461487,0.0,0
43,0.44523343443870544,0.0,0
44,0.42608821392059326,0.0,0
45,0.4138047397136688,0.0,0
46,0.3990320563316345,0.0,0
47,0.3764180839061737,0.0,0
48,0.3651520907878876,0.0,0
49,0.35017192363739014,0.0,0
50,0.3332509696483612,0.0,0
51,0.319201797246933,0.0,0
52,0.31607165932655334,0.0,0
53,0.2986079454421997,0.0,0
54,0.28542500734329224,0.0,0
55,0.2814941704273224,0.0,0
56,0.2744614779949188,0.0,0
57,0.2652312219142914,0.0,0
58,0.256287544965744,0.0,0
59,0.2470007687807083,0.0,0
60,0.24103927612304688,0.0,0
61,0.23237916827201843,0.017344379797577858,0.017344379797577858
62,0.22888675332069397,0.03513793274760246,0.03513793274760246
63,0.22367635369300842,0.0,0.03513793274760246
64,0.21633994579315186,0.02684064581990242,0.03513793274760246
65,0.21010512113571167,0.0,0.03513793274760246
66,0.20614568889141083,0.0,0.03513793274760246
67,0.19819146394729614,0.0,0.03513793274760246
68,0.19599224627017975,0.0,0.03513793274760246
69,0.19034461677074432,0.0,0.03513793274760246
70,0.18415458500385284,0.02030343748629093,0.03513793274760246
71,0.17900007963180542,0.0,0.03513793274760246
72,0.17959274351596832,0.0,0.03513793274760246
73,0.17231296002864838,0.0,0.03513793274760246
74,0.1689775139093399,0.0,0.03513793274760246
75,0.16306239366531372,0.0,0.03513793274760246
76,0.15844523906707764,0.0,0.03513793274760246
77,0.15377628803253174,0.0,0.03513793274760246
78,0.1539049595594406,0.04876730218529701,0.04876730218529701
79,0.15208987891674042,0.0,0.04876730218529701
80,0.1411605030298233,0.0,0.04876730218529701
81,0.14108648896217346,0.023331819102168083,0.04876730218529701
82,0.14156827330589294,0.0,0.04876730218529701
83,0.1341773271560669,0.0,0.04876730218529701
84,0.13490045070648193,0.035719964653253555,0.04876730218529701
85,0.12795548141002655,0.0797358825802803,0.0797358825802803
86,0.12437278777360916,0.02725285477936268,0.0797358825802803
87,0.12301380932331085,0.04592575505375862,0.0797358825802803
88,0.11923005431890488,0.0,0.0797358825802803
89,0.11630726605653763,0.0,0.0797358825802803
90,0.11649810522794724,0.0,0.0797358825802803
91,0.11113719642162323,0.0,0.0797358825802803
92,0.10572069138288498,0.047589704394340515,0.0797358825802803
93,0.10506753623485565,0.07549356669187546,0.0797358825802803
94,0.10366027802228928,0.05164759233593941,0.0797358825802803
95,0.09942416846752167,0.0,0.0797358825802803
96,0.09855353087186813,0.048959773033857346,0.0797358825802803
97,0.09398098289966583,0.044756364077329636,0.0797358825802803
98,0.09048182517290115,0.022931434214115143,0.0797358825802803
99,0.0894162729382515,0.02196449786424637,0.0797358825802803
100,0.08780349791049957,0.03538184240460396,0.0797358825802803
