Rounds,Learning Rate,Client Fraction,Client Number,Local Epochs,Batch Size,Hidden Size
100,0.001,1.0,4,1,32,128
1,2.8229985475773347,0.055334094911813736,0.055334094911813736
2,1.9944008457071252,0.18024539574980736,0.18024539574980736
3,1.687272153837995,0.11265208944678307,0.18024539574980736
4,1.5129228782533328,0.16596591845154762,0.18024539574980736
5,1.3854600760750806,0.23742488399147987,0.23742488399147987
6,1.286483992429278,0.24112014286220074,0.24112014286220074
7,1.206483499740178,0.16798870265483856,0.24112014286220074
8,1.1384679020523822,0.28575923293828964,0.28575923293828964
9,1.08081353962845,0.3297889903187752,0.3297889903187752
10,1.0261409083586381,0.26455308869481087,0.3297889903187752
11,0.9765726193632268,0.30335404723882675,0.3297889903187752
12,0.9336342280521275,0.32964026927948,0.3297889903187752
13,0.8929624712958845,0.3326486796140671,0.3326486796140671
14,0.8567657919307898,0.3100566491484642,0.3326486796140671
15,0.8259676669459332,0.32895825058221817,0.3326486796140671
16,0.7934845944241888,0.3201317563652992,0.3326486796140671
17,0.7670059837004601,0.27854638919234276,0.3326486796140671
18,0.7405525113201038,0.33353415690362453,0.33353415690362453
19,0.7200565558347398,0.40663015097379684,0.40663015097379684
20,0.6960927372598839,0.31074830889701843,0.40663015097379684
21,0.676232900696861,0.37981246411800385,0.40663015097379684
22,0.6582153661951885,0.37405750900506973,0.40663015097379684
23,0.6399362124674307,0.40777700394392014,0.40777700394392014
24,0.6241901847600094,0.3826078996062279,0.40777700394392014
25,0.6085851512496385,0.321121409535408,0.40777700394392014
26,0.5944580269491688,0.40200071036815643,0.40777700394392014
27,0.5801360526179155,0.5485540553927422,0.5485540553927422
28,0.5679911903228423,0.3976515084505081,0.5485540553927422
29,0.5550966434535922,0.44942791014909744,0.5485540553927422
30,0.541318572792354,0.3864784240722656,0.5485540553927422
31,0.5321964389360916,0.4227498136460781,0.5485540553927422
32,0.5202902852078318,0.47429704666137695,0.5485540553927422
33,0.5102831435198337,0.39903129264712334,0.5485540553927422
34,0.4992187855353879,0.46705559827387333,0.5485540553927422
35,0.4901044707824038,0.518170915544033,0.5485540553927422
36,0.4814861996251857,0.48223942518234253,0.5485540553927422
37,0.4739082392324866,0.4824845492839813,0.5485540553927422
38,0.46472019017422495,0.484161414206028,0.5485540553927422
39,0.45623966582179276,0.463428121060133,0.5485540553927422
40,0.447431091182555,0.3383564464747906,0.5485540553927422
41,0.44242905764310003,0.4069536104798317,0.5485540553927422
42,0.43463266444134374,0.5054460987448692,0.5485540553927422
43,0.4286271278373572,0.45653630793094635,0.5485540553927422
44,0.41991606561074496,0.4810863807797432,0.5485540553927422
45,0.41489267327801393,0.5432800874114037,0.5485540553927422
46,0.40815240556281107,0.37212730199098587,0.5485540553927422
47,0.4025369189558735,0.5280335173010826,0.5485540553927422
48,0.39465722519869884,0.5359181091189384,0.5485540553927422
49,0.3899291196065538,0.46128231659531593,0.5485540553927422
50,0.38362930521220184,0.43696482107043266,0.5485540553927422
51,0.3807556209923587,0.42410245537757874,0.5485540553927422
52,0.373208824833343,0.5088797509670258,0.5485540553927422
53,0.3704768316883713,0.373969130218029,0.5485540553927422
54,0.3654881382624454,0.554985947906971,0.554985947906971
55,0.35877029667390176,0.4891260080039501,0.554985947906971
56,0.35584250077055646,0.5261960085481405,0.554985947906971
57,0.35012558311929537,0.5459259301424026,0.554985947906971
58,0.34695390107877,0.5473802536725998,0.554985947906971
59,0.34168682090463043,0.5850148350000381,0.5850148350000381
60,0.3379192049644986,0.5840998739004135,0.5850148350000381
61,0.33473949613178505,0.45812033489346504,0.5850148350000381
62,0.33025377552140484,0.5533335953950882,0.5850148350000381
63,0.32607076145329755,0.5778733640909195,0.5850148350000381
64,0.32225099194903983,0.5206507593393326,0.5850148350000381
65,0.3177568818607014,0.5575554817914963,0.5850148350000381
66,0.3159458085157434,0.5276811420917511,0.5850148350000381
67,0.3129339068875562,0.6036715880036354,0.6036715880036354
68,0.31099339784652774,0.5667864978313446,0.6036715880036354
69,0.30788172698773136,0.6586800515651703,0.6586800515651703
70,0.30343736611744787,0.5519297495484352,0.6586800515651703
71,0.2980408277874553,0.5324119552969933,0.6586800515651703
72,0.2960489253457019,0.5566114336252213,0.6586800515651703
73,0.293005193162399,0.5109540596604347,0.6586800515651703
74,0.29019398162802273,0.5996861532330513,0.6586800515651703
75,0.28843112850837815,0.5167024359107018,0.6586800515651703
76,0.2864352073291666,0.620995819568634,0.6586800515651703
77,0.2823019458983442,0.5956802517175674,0.6586800515651703
78,0.27873918274655485,0.6170395687222481,0.6586800515651703
79,0.2774858549131904,0.5524426735937595,0.6586800515651703
80,0.2758410663390021,0.5533368438482285,0.6586800515651703
81,0.27116833727986983,0.5969216823577881,0.6586800515651703
82,0.2703278494410238,0.5373227000236511,0.6586800515651703
83,0.26710460442141015,0.6347459554672241,0.6586800515651703
84,0.26270716701898167,0.5421789959073067,0.6586800515651703
85,0.26287578045081256,0.5481226369738579,0.6586800515651703
86,0.2606522380319713,0.5753775984048843,0.6586800515651703
87,0.25823232411891756,0.6088560298085213,0.6586800515651703
88,0.25595620637417826,0.650108590722084,0.6586800515651703
89,0.2516972511720724,0.5598295852541924,0.6586800515651703
90,0.2508545653282562,0.5967654287815094,0.6586800515651703
91,0.24804539756028054,0.6315054595470428,0.6586800515651703
92,0.2456227309383261,0.6193920075893402,0.6586800515651703
93,0.2446184120149158,0.6494650542736053,0.6586800515651703
94,0.24193546871533655,0.5908026248216629,0.6586800515651703
95,0.24260025852093184,0.5856871008872986,0.6586800515651703
96,0.23849793140044706,0.5536008253693581,0.6586800515651703
97,0.23683644622482214,0.5971174389123917,0.6586800515651703
98,0.2352442347524289,0.5445493906736374,0.6586800515651703
99,0.23384132385025463,0.5690950080752373,0.6586800515651703
100,0.23061391872151266,0.5300467759370804,0.6586800515651703
