1,5.040172259012858,0.0,0
2,4.451434294382731,0.0,0
3,3.9593141078948975,0.0,0
4,3.549591859181722,0.0,0
5,3.2544060548146567,0.0,0
6,2.994991938273112,0.0,0
7,2.8311827977498374,0.0,0
8,2.666829744974772,0.0,0
9,2.5335656007130942,0.0,0
10,2.4140666325887046,0.0379592664539814,0.0379592664539814
11,2.3330387274424234,0.0,0.0379592664539814
12,2.2258834838867188,0.0,0.0379592664539814
13,2.1495253642400107,0.13207857310771942,0.13207857310771942
14,2.0919440189997354,0.07733099162578583,0.13207857310771942
15,2.0170641342798867,0.09708724915981293,0.13207857310771942
16,1.9198991060256958,0.0,0.13207857310771942
17,1.8663275639216106,0.03989521041512489,0.13207857310771942
18,1.8134938875834148,0.0585118904709816,0.13207857310771942
19,1.752142866452535,0.06145845353603363,0.13207857310771942
20,1.7011884848276775,0.0953555777668953,0.13207857310771942
21,1.6422853867212932,0.07207418978214264,0.13207857310771942
22,1.5780436992645264,0.087525874376297,0.13207857310771942
23,1.536366581916809,0.05731527507305145,0.13207857310771942
24,1.4714548190434773,0.07725300639867783,0.13207857310771942
25,1.4150294065475464,0.09809531271457672,0.13207857310771942
26,1.3612903356552124,0.058953091502189636,0.13207857310771942
27,1.3191017309824626,0.12572570145130157,0.13207857310771942
28,1.2595616579055786,0.10262445360422134,0.13207857310771942
29,1.2356017033259075,0.0616496317088604,0.13207857310771942
30,1.1730897029240925,0.12761683762073517,0.13207857310771942
31,1.1295132438341777,0.1142372414469719,0.13207857310771942
32,1.0864969491958618,0.12859290838241577,0.13207857310771942
33,1.048619230588277,0.18976673483848572,0.18976673483848572
34,1.0129514336585999,0.23719292879104614,0.23719292879104614
35,0.9575463732083639,0.13691820204257965,0.23719292879104614
36,0.9331315557161967,0.17776738107204437,0.23719292879104614
37,0.8777903517087301,0.2183898240327835,0.23719292879104614
38,0.8539186716079712,0.15716788172721863,0.23719292879104614
39,0.7988754510879517,0.17236952483654022,0.23719292879104614
40,0.7843888401985168,0.21383506059646606,0.23719292879104614
41,0.7502292593320211,0.23478157818317413,0.23719292879104614
42,0.7157977024714152,0.2941467761993408,0.2941467761993408
43,0.6880813439687093,0.24809032678604126,0.2941467761993408
44,0.6504147251447042,0.2554841935634613,0.2941467761993408
45,0.6247413953145345,0.30197349190711975,0.30197349190711975
46,0.6040977835655212,0.32228440046310425,0.32228440046310425
47,0.5585031708081564,0.24789740145206451,0.32228440046310425
48,0.5492602785428365,0.36380526423454285,0.36380526423454285
49,0.5137010018030802,0.2644965350627899,0.36380526423454285
50,0.5044361849625906,0.35566896200180054,0.36380526423454285
51,0.4772847692171733,0.4137123227119446,0.4137123227119446
52,0.45567314823468524,0.34269779920578003,0.4137123227119446
53,0.4267854889233907,0.35403668880462646,0.4137123227119446
54,0.40794019897778827,0.348379909992218,0.4137123227119446
55,0.3937632540861766,0.38470259308815,0.4137123227119446
56,0.3712827463944753,0.3434785306453705,0.4137123227119446
57,0.355354905128479,0.4087488353252411,0.4137123227119446
58,0.3562635580698649,0.2706065773963928,0.4137123227119446
59,0.32860063513120014,0.3892210125923157,0.4137123227119446
60,0.31128459175427753,0.3655594289302826,0.4137123227119446
61,0.2970174749692281,0.4690311849117279,0.4690311849117279
62,0.2912500600020091,0.4778067171573639,0.4778067171573639
63,0.2708534598350525,0.41970452666282654,0.4778067171573639
64,0.2604150325059891,0.41551604866981506,0.4778067171573639
65,0.25277121861775714,0.39723265171051025,0.4778067171573639
66,0.2487873782714208,0.3837273418903351,0.4778067171573639
67,0.2329689065615336,0.33457788825035095,0.4778067171573639
68,0.23144394159317017,0.3917315602302551,0.4778067171573639
69,0.2194158136844635,0.5453417301177979,0.5453417301177979
70,0.21318540970484415,0.42424553632736206,0.5453417301177979
71,0.20755092799663544,0.4202510118484497,0.5453417301177979
72,0.1907444248596827,0.47931408882141113,0.5453417301177979
73,0.18598582843939462,0.4211190342903137,0.5453417301177979
74,0.1812727153301239,0.4033876359462738,0.5453417301177979
75,0.17667757471402487,0.45392289757728577,0.5453417301177979
76,0.17058263222376505,0.42739805579185486,0.5453417301177979
77,0.16167917350927988,0.4691890776157379,0.5453417301177979
78,0.15821831425031027,0.5630273818969727,0.5630273818969727
79,0.15371244649092355,0.28130218386650085,0.5630273818969727
80,0.1446441113948822,0.4883826673030853,0.5630273818969727
81,0.14281462132930756,0.5078069567680359,0.5630273818969727
82,0.1360297699769338,0.42638465762138367,0.5630273818969727
83,0.1343295301000277,0.5767791271209717,0.5767791271209717
84,0.12952248007059097,0.4876527786254883,0.5767791271209717
85,0.12432729949553807,0.33792969584465027,0.5767791271209717
86,0.1217598095536232,0.37849998474121094,0.5767791271209717
87,0.11862488090991974,0.478961318731308,0.5767791271209717
88,0.11565011243025462,0.41760891675949097,0.5767791271209717
89,0.11478645354509354,0.40678250789642334,0.5767791271209717
90,0.10849500199158986,0.42383095622062683,0.5767791271209717
91,0.1060298557082812,0.6092130541801453,0.6092130541801453
92,0.10166855901479721,0.4630650281906128,0.6092130541801453
93,0.10076796511809032,0.4901820719242096,0.6092130541801453
94,0.0982729693253835,0.5277841091156006,0.6092130541801453
95,0.09419518460830052,0.4236936867237091,0.6092130541801453
96,0.09277457495530446,0.4836520254611969,0.6092130541801453
97,0.08990013847748439,0.539716899394989,0.6092130541801453
98,0.09002206722895305,0.5165197849273682,0.6092130541801453
99,0.08532647291819255,0.41585034132003784,0.6092130541801453
100,0.08462005356947581,0.4710138142108917,0.6092130541801453
