1,5.33010737101237,0.0,0
2,4.591812928517659,0.0,0
3,4.047271807988484,0.0,0
4,3.5976391633351645,0.0,0
5,3.2785561084747314,0.0,0
6,3.0255394776662192,0.0,0
7,2.8436055183410645,0.0,0
8,2.665790239969889,0.0,0
9,2.538649320602417,0.0,0
10,2.416870911916097,0.0,0
11,2.2996527353922525,0.0,0
12,2.2087477842966714,0.0,0
13,2.108946442604065,0.0,0
14,2.048900763193766,0.0,0
15,1.945492426554362,0.06262846291065216,0.06262846291065216
16,1.8786914348602295,0.0,0.06262846291065216
17,1.8222121795018513,0.09092354029417038,0.09092354029417038
18,1.7633180220921834,0.08583591878414154,0.09092354029417038
19,1.6934621731440227,0.10145150125026703,0.10145150125026703
20,1.6334575414657593,0.08372825384140015,0.10145150125026703
21,1.583962043126424,0.10280302911996841,0.10280302911996841
22,1.520414113998413,0.09384061396121979,0.10280302911996841
23,1.463407039642334,0.1430947333574295,0.1430947333574295
24,1.4030427932739258,0.18251262605190277,0.18251262605190277
25,1.3698676427205403,0.14156398177146912,0.18251262605190277
26,1.3137060801188152,0.15317341685295105,0.18251262605190277
27,1.2726582686106365,0.17599880695343018,0.18251262605190277
28,1.2206687132517497,0.26739275455474854,0.26739275455474854
29,1.1680755615234375,0.20287276804447174,0.26739275455474854
30,1.1316347122192383,0.17935512959957123,0.26739275455474854
31,1.0848523378372192,0.2864079177379608,0.2864079177379608
32,1.0463489095369976,0.24172218143939972,0.2864079177379608
33,0.993992825349172,0.3887946307659149,0.3887946307659149
34,0.9505875507990519,0.30905255675315857,0.3887946307659149
35,0.9301104346911112,0.31871241331100464,0.3887946307659149
36,0.897288997968038,0.35569027066230774,0.3887946307659149
37,0.8540833791097006,0.30931881070137024,0.3887946307659149
38,0.8256626725196838,0.24726800620555878,0.3887946307659149
39,0.7895509004592896,0.2950708568096161,0.3887946307659149
40,0.7444056471188863,0.3487507104873657,0.3887946307659149
41,0.7118336160977682,0.452686071395874,0.452686071395874
42,0.6828661958376566,0.25203654170036316,0.452686071395874
43,0.6510708729426066,0.3316933512687683,0.452686071395874
44,0.6240343054135641,0.1886785477399826,0.452686071395874
45,0.5977102319399515,0.509831964969635,0.509831964969635
46,0.5859793921311697,0.2784135937690735,0.509831964969635
47,0.5450830459594727,0.3661121428012848,0.509831964969635
48,0.5243357618649801,0.38276076316833496,0.509831964969635
49,0.4935440123081207,0.491508811712265,0.509831964969635
50,0.47659077246983844,0.5296874642372131,0.5296874642372131
51,0.46326351165771484,0.5306729078292847,0.5306729078292847
52,0.43376532196998596,0.5094302892684937,0.5306729078292847
53,0.41196073095003766,0.6095382571220398,0.6095382571220398
54,0.4036528964837392,0.44988828897476196,0.6095382571220398
55,0.38022075096766156,0.5343566536903381,0.6095382571220398
56,0.3616805175940196,0.6132484078407288,0.6132484078407288
57,0.35228079557418823,0.5201822519302368,0.6132484078407288
58,0.33871562282244366,0.5733545422554016,0.6132484078407288
59,0.3190077841281891,0.6421050429344177,0.6421050429344177
60,0.3000567704439163,0.6074491143226624,0.6421050429344177
61,0.2976534565289815,0.5013706088066101,0.6421050429344177
62,0.2761079768339793,0.6021386384963989,0.6421050429344177
63,0.2647097706794739,0.5868821144104004,0.6421050429344177
64,0.2541440924008687,0.49382489919662476,0.6421050429344177
65,0.238103578488032,0.46472159028053284,0.6421050429344177
66,0.23427174985408783,0.4901994466781616,0.6421050429344177
67,0.22781898578008017,0.6082953214645386,0.6421050429344177
68,0.2135440061489741,0.6683992147445679,0.6683992147445679
69,0.21006815135478973,0.711851179599762,0.711851179599762
70,0.20125833650430044,0.5404940843582153,0.711851179599762
71,0.19345578054587045,0.6580199599266052,0.711851179599762
72,0.18871183693408966,0.6122089624404907,0.711851179599762
73,0.1782664159933726,0.568062424659729,0.711851179599762
74,0.17038241028785706,0.6265934109687805,0.711851179599762
75,0.17162941892941794,0.5773561596870422,0.711851179599762
76,0.16173170506954193,0.44536763429641724,0.711851179599762
77,0.15437889595826468,0.6704041361808777,0.711851179599762
78,0.1521860510110855,0.7024584412574768,0.711851179599762
79,0.14372437198956808,0.584194540977478,0.711851179599762
80,0.14317312836647034,0.5183000564575195,0.711851179599762
81,0.13386734823385874,0.6336930990219116,0.711851179599762
82,0.12877429525057474,0.538275957107544,0.711851179599762
83,0.1251831774910291,0.576147198677063,0.711851179599762
84,0.1254516914486885,0.6584482789039612,0.711851179599762
85,0.11999709407488506,0.5457556247711182,0.711851179599762
86,0.11622453729311626,0.6722301244735718,0.711851179599762
87,0.11580074081818263,0.5635274052619934,0.711851179599762
88,0.11079977949460347,0.5754833221435547,0.711851179599762
89,0.10589077820380528,0.5668677687644958,0.711851179599762
90,0.10832240929206212,0.6523293256759644,0.711851179599762
91,0.10475796709458034,0.5655335783958435,0.711851179599762
92,0.09786901871363322,0.6585252285003662,0.711851179599762
93,0.09343597292900085,0.5670828819274902,0.711851179599762
94,0.09431523581345876,0.5933469533920288,0.711851179599762
95,0.09075524161259334,0.5633835792541504,0.711851179599762
96,0.0883272464076678,0.6998714208602905,0.711851179599762
97,0.08876178910334905,0.5945261716842651,0.711851179599762
98,0.08556095759073894,0.5896533727645874,0.711851179599762
99,0.0826604962348938,0.5993928909301758,0.711851179599762
100,0.08105889707803726,0.669244110584259,0.711851179599762
