1,5.132741451263428,0.0,0
2,4.508427619934082,0.0,0
3,3.9392647743225098,0.0,0
4,3.535661300023397,0.0,0
5,3.198719104131063,0.0,0
6,2.9686832427978516,0.0,0
7,2.7777618567148843,0.0,0
8,2.6083150704701743,0.0,0
9,2.4828404585520425,0.0,0
10,2.358940045038859,0.0,0
11,2.2682491143544516,0.03422064706683159,0.03422064706683159
12,2.177473306655884,0.0,0.03422064706683159
13,2.099576950073242,0.0,0.03422064706683159
14,2.002906878789266,0.0,0.03422064706683159
15,1.9536418517430623,0.0,0.03422064706683159
16,1.8877805868784587,0.0,0.03422064706683159
17,1.8144856293996174,0.06925677508115768,0.06925677508115768
18,1.7660499811172485,0.08196602016687393,0.08196602016687393
19,1.7044137318929036,0.0846230611205101,0.0846230611205101
20,1.6207903623580933,0.06352008134126663,0.0846230611205101
21,1.5865673224131267,0.06894459575414658,0.0846230611205101
22,1.528140902519226,0.08618273586034775,0.08618273586034775
23,1.4678107500076294,0.09018266201019287,0.09018266201019287
24,1.4162211815516155,0.06847938895225525,0.09018266201019287
25,1.3505202134450276,0.1395890861749649,0.1395890861749649
26,1.3268078962961833,0.09783798456192017,0.1395890861749649
27,1.2614669402440388,0.06035103648900986,0.1395890861749649
28,1.2109100023905437,0.20996345579624176,0.20996345579624176
29,1.1694056987762451,0.14773081243038177,0.20996345579624176
30,1.1264370679855347,0.23688872158527374,0.23688872158527374
31,1.0746246973673503,0.14701120555400848,0.23688872158527374
32,1.0426172812779744,0.19697928428649902,0.23688872158527374
33,0.9962752064069113,0.2143072932958603,0.23688872158527374
34,0.9529120326042175,0.18290342390537262,0.23688872158527374
35,0.9188416004180908,0.21894943714141846,0.23688872158527374
36,0.8845869104067484,0.20585757493972778,0.23688872158527374
37,0.8472124338150024,0.3050127327442169,0.3050127327442169
38,0.8097943067550659,0.25610461831092834,0.3050127327442169
39,0.7643815875053406,0.29651719331741333,0.3050127327442169
40,0.7304327487945557,0.336718887090683,0.336718887090683
41,0.7133882443110148,0.25710827112197876,0.336718887090683
42,0.6711223324139913,0.2876458168029785,0.336718887090683
43,0.6436965862909952,0.29387617111206055,0.336718887090683
44,0.6142862637837728,0.40778326988220215,0.40778326988220215
45,0.5815569758415222,0.3681875169277191,0.40778326988220215
46,0.5550665855407715,0.28426164388656616,0.40778326988220215
47,0.5373362104098002,0.2937038838863373,0.40778326988220215
48,0.5159727036952972,0.4052262008190155,0.40778326988220215
49,0.4933742384115855,0.35262060165405273,0.40778326988220215
50,0.4649245540301005,0.42636844515800476,0.42636844515800476
51,0.43910688161849976,0.3658430576324463,0.42636844515800476
52,0.42364953955014545,0.42769545316696167,0.42769545316696167
53,0.40924496452013653,0.3992285430431366,0.42769545316696167
54,0.3840823272864024,0.41650068759918213,0.42769545316696167
55,0.370987206697464,0.4121752381324768,0.42769545316696167
56,0.35565682252248126,0.4668410122394562,0.4668410122394562
57,0.33524179458618164,0.4560352563858032,0.4668410122394562
58,0.3297702968120575,0.42243942618370056,0.4668410122394562
59,0.31591229637463886,0.42807188630104065,0.4668410122394562
60,0.2907316933075587,0.4848892092704773,0.4848892092704773
61,0.2867267330487569,0.38640061020851135,0.4848892092704773
62,0.2724738319714864,0.471863716840744,0.4848892092704773
63,0.2562660326560338,0.4969320595264435,0.4969320595264435
64,0.25531841317812604,0.4248829483985901,0.4969320595264435
65,0.23886394004027048,0.4204888939857483,0.4969320595264435
66,0.23176505664984384,0.4447794556617737,0.4969320595264435
67,0.21991942822933197,0.3018488585948944,0.4969320595264435
68,0.21200901766618094,0.5449968576431274,0.5449968576431274
69,0.20818967123826346,0.4126878082752228,0.5449968576431274
70,0.20272171994050345,0.4203615188598633,0.5449968576431274
71,0.19229445854822794,0.3546619713306427,0.5449968576431274
72,0.18063083291053772,0.42333245277404785,0.5449968576431274
73,0.1809050440788269,0.5025703310966492,0.5449968576431274
74,0.17332403361797333,0.5292744636535645,0.5449968576431274
75,0.16142132381598154,0.4656848609447479,0.5449968576431274
76,0.16171114146709442,0.4458340108394623,0.5449968576431274
77,0.15426663060983023,0.5377740859985352,0.5449968576431274
78,0.15117807686328888,0.4740564525127411,0.5449968576431274
79,0.14507687091827393,0.5322609543800354,0.5449968576431274
80,0.14295639097690582,0.5495581030845642,0.5495581030845642
81,0.13475455343723297,0.5417468547821045,0.5495581030845642
82,0.13305931289990744,0.4039129614830017,0.5495581030845642
83,0.13398539026578268,0.44432246685028076,0.5495581030845642
84,0.12675186743338904,0.5213148593902588,0.5495581030845642
85,0.12327610452969869,0.5151059627532959,0.5495581030845642
86,0.12065329899390538,0.41528376936912537,0.5495581030845642
87,0.11486463993787766,0.4751172661781311,0.5495581030845642
88,0.1151832863688469,0.3515305817127228,0.5495581030845642
89,0.11291994899511337,0.4992300570011139,0.5495581030845642
90,0.10544249415397644,0.481751024723053,0.5495581030845642
91,0.1041687751809756,0.5964849591255188,0.5964849591255188
92,0.10098674148321152,0.4029832184314728,0.5964849591255188
93,0.09915680686632793,0.4806615710258484,0.5964849591255188
94,0.0979611724615097,0.5301598906517029,0.5964849591255188
95,0.09547871102889378,0.43517330288887024,0.5964849591255188
96,0.09406043340762456,0.5059417486190796,0.5964849591255188
97,0.08968717604875565,0.3867535889148712,0.5964849591255188
98,0.0902775451540947,0.49102652072906494,0.5964849591255188
99,0.08760442088047664,0.6341276168823242,0.6341276168823242
100,0.08136421193679173,0.4729468524456024,0.6341276168823242
