1,5.341159820556641,0.0,0
2,5.0741705894470215,0.0,0
3,4.791582107543945,0.0,0
4,4.569633960723877,0.0,0
5,4.281623840332031,0.0,0
6,4.075240612030029,0.0,0
7,3.9336307048797607,0.0,0
8,3.7799923419952393,0.0,0
9,3.511939764022827,0.0,0
10,3.388030767440796,0.0,0
11,3.203812837600708,0.0,0
12,3.088458299636841,0.0,0
13,2.928403615951538,0.0,0
14,2.823849678039551,0.0,0
15,2.699936866760254,0.024529622867703438,0.024529622867703438
16,2.5530295372009277,0.0,0.024529622867703438
17,2.46803879737854,0.0,0.024529622867703438
18,2.335859537124634,0.06712888181209564,0.06712888181209564
19,2.277541160583496,0.04593995586037636,0.06712888181209564
20,2.1625046730041504,0.0781044065952301,0.0781044065952301
21,2.0864109992980957,0.09128043055534363,0.09128043055534363
22,2.0226197242736816,0.0,0.09128043055534363
23,1.899564504623413,0.035507433116436005,0.09128043055534363
24,1.838992714881897,0.07845069468021393,0.09128043055534363
25,1.770017385482788,0.0,0.09128043055534363
26,1.6820335388183594,0.048001691699028015,0.09128043055534363
27,1.6388025283813477,0.07249297201633453,0.09128043055534363
28,1.5654407739639282,0.11147194355726242,0.11147194355726242
29,1.499453067779541,0.09337355196475983,0.11147194355726242
30,1.4448884725570679,0.07402566075325012,0.11147194355726242
31,1.3791831731796265,0.10072831064462662,0.11147194355726242
32,1.3374089002609253,0.09221531450748444,0.11147194355726242
33,1.2794920206069946,0.0,0.11147194355726242
34,1.2128901481628418,0.061354752629995346,0.11147194355726242
35,1.173349142074585,0.1302286982536316,0.1302286982536316
36,1.1366053819656372,0.1329025775194168,0.1329025775194168
37,1.0748604536056519,0.0,0.1329025775194168
38,1.0294333696365356,0.21900460124015808,0.21900460124015808
39,1.0002923011779785,0.0,0.21900460124015808
40,0.9738104343414307,0.09737319499254227,0.21900460124015808
41,0.9079943299293518,0.1101675033569336,0.21900460124015808
42,0.8735876679420471,0.12309347838163376,0.21900460124015808
43,0.8305327892303467,0.15487153828144073,0.21900460124015808
44,0.8082448840141296,0.0,0.21900460124015808
45,0.7766171097755432,0.11940056830644608,0.21900460124015808
46,0.7393133044242859,0.22961987555027008,0.22961987555027008
47,0.7161977291107178,0.12609776854515076,0.22961987555027008
48,0.699371337890625,0.0852881669998169,0.22961987555027008
49,0.6627590656280518,0.1465800404548645,0.22961987555027008
50,0.6497796773910522,0.1423456370830536,0.22961987555027008
51,0.6079216599464417,0.13026344776153564,0.22961987555027008
52,0.5786091089248657,0.0,0.22961987555027008
53,0.5651419758796692,0.15480327606201172,0.22961987555027008
54,0.5342026352882385,0.06891315430402756,0.22961987555027008
55,0.5021615028381348,0.23088903725147247,0.23088903725147247
56,0.49140098690986633,0.26475605368614197,0.26475605368614197
57,0.4762638211250305,0.24239327013492584,0.26475605368614197
58,0.44579291343688965,0.09455496817827225,0.26475605368614197
59,0.44136905670166016,0.1804470419883728,0.26475605368614197
60,0.4128797948360443,0.11638082563877106,0.26475605368614197
61,0.4069487452507019,0.08135219663381577,0.26475605368614197
62,0.3762775659561157,0.12691211700439453,0.26475605368614197
63,0.3652845621109009,0.0,0.26475605368614197
64,0.36832156777381897,0.16300822794437408,0.26475605368614197
65,0.34312039613723755,0.0923946276307106,0.26475605368614197
66,0.32550257444381714,0.1316286027431488,0.26475605368614197
67,0.322087824344635,0.13419008255004883,0.26475605368614197
68,0.3068145513534546,0.1413985639810562,0.26475605368614197
69,0.2926419973373413,0.06219203770160675,0.26475605368614197
70,0.2829296588897705,0.14120563864707947,0.26475605368614197
71,0.2855181097984314,0.12311537563800812,0.26475605368614197
72,0.25649315118789673,0.25014400482177734,0.26475605368614197
73,0.2463289201259613,0.13445383310317993,0.26475605368614197
74,0.241767019033432,0.2249118536710739,0.26475605368614197
75,0.24052979052066803,0.17758819460868835,0.26475605368614197
76,0.21860447525978088,0.09363808482885361,0.26475605368614197
77,0.21982397139072418,0.12555915117263794,0.26475605368614197
78,0.21065472066402435,0.1485123634338379,0.26475605368614197
79,0.20359577238559723,0.09463557600975037,0.26475605368614197
80,0.20904186367988586,0.09839946776628494,0.26475605368614197
81,0.1840360015630722,0.06392712891101837,0.26475605368614197
82,0.18635770678520203,0.22921760380268097,0.26475605368614197
83,0.18137064576148987,0.0,0.26475605368614197
84,0.17373229563236237,0.06483685225248337,0.26475605368614197
85,0.1643027514219284,0.17826052010059357,0.26475605368614197
86,0.16794423758983612,0.07190005481243134,0.26475605368614197
87,0.15763509273529053,0.0764361321926117,0.26475605368614197
88,0.15543566644191742,0.2710029184818268,0.2710029184818268
89,0.15731221437454224,0.048024412244558334,0.2710029184818268
90,0.15046343207359314,0.05895579233765602,0.2710029184818268
91,0.14685304462909698,0.0,0.2710029184818268
92,0.13493673503398895,0.11415994167327881,0.2710029184818268
93,0.13107673823833466,0.13270950317382812,0.2710029184818268
94,0.13085752725601196,0.05470132455229759,0.2710029184818268
95,0.13257944583892822,0.0941401794552803,0.2710029184818268
96,0.11849108338356018,0.05711091309785843,0.2710029184818268
97,0.12187071144580841,0.05671839043498039,0.2710029184818268
98,0.10907407850027084,0.16301195323467255,0.2710029184818268
99,0.11735814064741135,0.17415818572044373,0.2710029184818268
100,0.11019498854875565,0.08375394344329834,0.2710029184818268
