1,5.330777645111084,0.0,0
2,4.979719161987305,0.0,0
3,4.62453031539917,0.0,0
4,4.436278343200684,0.0,0
5,4.201916694641113,0.0,0
6,4.007833480834961,0.0,0
7,3.7904138565063477,0.0,0
8,3.6337010860443115,0.0,0
9,3.4762539863586426,0.0,0
10,3.328195571899414,0.0,0
11,3.1717967987060547,0.0,0
12,2.9919731616973877,0.0,0
13,2.858793020248413,0.05832190439105034,0.05832190439105034
14,2.784356117248535,0.03002522885799408,0.05832190439105034
15,2.671861171722412,0.0,0.05832190439105034
16,2.5417191982269287,0.04503221809864044,0.05832190439105034
17,2.4291045665740967,0.0,0.05832190439105034
18,2.3286080360412598,0.0,0.05832190439105034
19,2.217177391052246,0.0,0.05832190439105034
20,2.134056806564331,0.04957570880651474,0.05832190439105034
21,2.075186252593994,0.0,0.05832190439105034
22,1.965887188911438,0.0461292639374733,0.05832190439105034
23,1.901617407798767,0.06990791857242584,0.06990791857242584
24,1.8136123418807983,0.057148125022649765,0.06990791857242584
25,1.728342890739441,0.0687786266207695,0.06990791857242584
26,1.6827658414840698,0.05449427664279938,0.06990791857242584
27,1.6268192529678345,0.0,0.06990791857242584
28,1.5176341533660889,0.0,0.06990791857242584
29,1.4759881496429443,0.0,0.06990791857242584
30,1.4255081415176392,0.06681181490421295,0.06990791857242584
31,1.367051124572754,0.0,0.06990791857242584
32,1.3150498867034912,0.12842363119125366,0.12842363119125366
33,1.2329827547073364,0.06920389086008072,0.12842363119125366
34,1.2042278051376343,0.08513426035642624,0.12842363119125366
35,1.143281102180481,0.04147980734705925,0.12842363119125366
36,1.1080727577209473,0.06680063158273697,0.12842363119125366
37,1.0502465963363647,0.07922578860303883,0.12842363119125366
38,1.0086899995803833,0.0,0.12842363119125366
39,0.9568004608154297,0.06239762157201767,0.12842363119125366
40,0.9307897686958313,0.2167613690616825,0.2167613690616825
41,0.8910443782806396,0.12417376041412354,0.2167613690616825
42,0.8580058217048645,0.08834892511367798,0.2167613690616825
43,0.8281877636909485,0.1559487283229828,0.2167613690616825
44,0.8147999048233032,0.0,0.2167613690616825
45,0.7788417339324951,0.11974842846393585,0.2167613690616825
46,0.7149406671524048,0.0,0.2167613690616825
47,0.7006901502609253,0.30825182795524597,0.30825182795524597
48,0.6626938581466675,0.15515974164009094,0.30825182795524597
49,0.6436377763748169,0.1326906681060791,0.30825182795524597
50,0.6095848083496094,0.13268396258354187,0.30825182795524597
51,0.6059319972991943,0.09754625707864761,0.30825182795524597
52,0.570212185382843,0.0,0.30825182795524597
53,0.5509295463562012,0.0,0.30825182795524597
54,0.524549126625061,0.2339533567428589,0.30825182795524597
55,0.49394556879997253,0.174582839012146,0.30825182795524597
56,0.4801195561885834,0.08713961392641068,0.30825182795524597
57,0.465454638004303,0.16759653389453888,0.30825182795524597
58,0.4599086344242096,0.14134322106838226,0.30825182795524597
59,0.4382302463054657,0.09831968694925308,0.30825182795524597
60,0.4027150273323059,0.0,0.30825182795524597
61,0.39347153902053833,0.18430618941783905,0.30825182795524597
62,0.3837985694408417,0.13282646238803864,0.30825182795524597
63,0.3724779486656189,0.2142127901315689,0.30825182795524597
64,0.34861278533935547,0.19941167533397675,0.30825182795524597
65,0.3320032060146332,0.1266823559999466,0.30825182795524597
66,0.3260093331336975,0.0,0.30825182795524597
67,0.3148738443851471,0.06912849843502045,0.30825182795524597
68,0.30745184421539307,0.066155806183815,0.30825182795524597
69,0.3007040321826935,0.0,0.30825182795524597
70,0.2686503529548645,0.12044814974069595,0.30825182795524597
71,0.2638406455516815,0.14362476766109467,0.30825182795524597
72,0.26213040947914124,0.23032702505588531,0.30825182795524597
73,0.24871128797531128,0.15267258882522583,0.30825182795524597
74,0.2398005872964859,0.0,0.30825182795524597
75,0.23772646486759186,0.13528089225292206,0.30825182795524597
76,0.2250194400548935,0.0,0.30825182795524597
77,0.2143130749464035,0.08641219139099121,0.30825182795524597
78,0.2103358805179596,0.07221967726945877,0.30825182795524597
79,0.20696544647216797,0.0,0.30825182795524597
80,0.20255543291568756,0.18554575741291046,0.30825182795524597
81,0.19338470697402954,0.12566524744033813,0.30825182795524597
82,0.19391126930713654,0.08134090900421143,0.30825182795524597
83,0.18361280858516693,0.0814419537782669,0.30825182795524597
84,0.17485851049423218,0.0,0.30825182795524597
85,0.1693284958600998,0.30027493834495544,0.30825182795524597
86,0.16590985655784607,0.12791335582733154,0.30825182795524597
87,0.16824471950531006,0.08483931422233582,0.30825182795524597
88,0.1572815179824829,0.1251826137304306,0.30825182795524597
89,0.1579725593328476,0.10814214497804642,0.30825182795524597
90,0.14884963631629944,0.05381538346409798,0.30825182795524597
91,0.1478135734796524,0.048242855817079544,0.30825182795524597
92,0.14147688448429108,0.1324278861284256,0.30825182795524597
93,0.13987822830677032,0.19658297300338745,0.30825182795524597
94,0.13789190351963043,0.13813571631908417,0.30825182795524597
95,0.13188081979751587,0.1995963752269745,0.30825182795524597
96,0.12482145428657532,0.08574661612510681,0.30825182795524597
97,0.12593495845794678,0.2408330738544464,0.30825182795524597
98,0.12169084697961807,0.10491617023944855,0.30825182795524597
99,0.11444263160228729,0.05959323048591614,0.30825182795524597
100,0.11640617996454239,0.2132878303527832,0.30825182795524597
