1,5.357624530792236,0.0,0
2,5.0734052658081055,0.0,0
3,4.774476528167725,0.0,0
4,4.512922286987305,0.0,0
5,4.284216403961182,0.0,0
6,4.05198860168457,0.0,0
7,3.855376958847046,0.0,0
8,3.687833547592163,0.0,0
9,3.499011516571045,0.0,0
10,3.3449368476867676,0.0,0
11,3.162493944168091,0.0,0
12,3.0174481868743896,0.0,0
13,2.8640456199645996,0.0,0
14,2.759486675262451,0.0,0
15,2.6558001041412354,0.0,0
16,2.540341854095459,0.044003818184137344,0.044003818184137344
17,2.4202773571014404,0.0,0.044003818184137344
18,2.3267393112182617,0.027089355513453484,0.044003818184137344
19,2.2457587718963623,0.0,0.044003818184137344
20,2.136770725250244,0.058770399540662766,0.058770399540662766
21,2.0932464599609375,0.05419939383864403,0.058770399540662766
22,1.9955170154571533,0.0,0.058770399540662766
23,1.909497857093811,0.07705948501825333,0.07705948501825333
24,1.8313146829605103,0.0,0.07705948501825333
25,1.7297723293304443,0.04719948023557663,0.07705948501825333
26,1.721588134765625,0.054898716509342194,0.07705948501825333
27,1.6285884380340576,0.0,0.07705948501825333
28,1.5737228393554688,0.0,0.07705948501825333
29,1.501786470413208,0.09254072606563568,0.09254072606563568
30,1.4335005283355713,0.11798097938299179,0.11798097938299179
31,1.4349397420883179,0.097991943359375,0.11798097938299179
32,1.3314036130905151,0.07258283346891403,0.11798097938299179
33,1.29193913936615,0.11055265367031097,0.11798097938299179
34,1.2290239334106445,0.13461841642856598,0.13461841642856598
35,1.1835533380508423,0.09540749341249466,0.13461841642856598
36,1.1412582397460938,0.1581052541732788,0.1581052541732788
37,1.0808918476104736,0.10124232620000839,0.1581052541732788
38,1.0259414911270142,0.1775553673505783,0.1775553673505783
39,1.015365481376648,0.08100444078445435,0.1775553673505783
40,0.9517838954925537,0.1381738930940628,0.1775553673505783
41,0.9069697856903076,0.20368190109729767,0.20368190109729767
42,0.8832489252090454,0.17953526973724365,0.20368190109729767
43,0.8441718220710754,0.0,0.20368190109729767
44,0.8045681118965149,0.19825881719589233,0.20368190109729767
45,0.7973172068595886,0.11229360848665237,0.20368190109729767
46,0.7472395300865173,0.11249227821826935,0.20368190109729767
47,0.7050601243972778,0.14426667988300323,0.20368190109729767
48,0.6831201314926147,0.08593160659074783,0.20368190109729767
49,0.6773504614830017,0.10609618574380875,0.20368190109729767
50,0.6117594242095947,0.1701897382736206,0.20368190109729767
51,0.6064349412918091,0.07406442612409592,0.20368190109729767
52,0.5780666470527649,0.2634700834751129,0.2634700834751129
53,0.542663037776947,0.15322192013263702,0.2634700834751129
54,0.5299085974693298,0.10275796055793762,0.2634700834751129
55,0.5158984661102295,0.10329235345125198,0.2634700834751129
56,0.48871341347694397,0.12971888482570648,0.2634700834751129
57,0.46878334879875183,0.12763679027557373,0.2634700834751129
58,0.4362727403640747,0.07944930344820023,0.2634700834751129
59,0.43245384097099304,0.10398659110069275,0.2634700834751129
60,0.39114275574684143,0.14247487485408783,0.2634700834751129
61,0.38694918155670166,0.09863364696502686,0.2634700834751129
62,0.3735691010951996,0.1704128533601761,0.2634700834751129
63,0.36260294914245605,0.07315688580274582,0.2634700834751129
64,0.34569892287254333,0.13157911598682404,0.2634700834751129
65,0.33100855350494385,0.1557319015264511,0.2634700834751129
66,0.316222220659256,0.1537228375673294,0.2634700834751129
67,0.3094746768474579,0.06830886006355286,0.2634700834751129
68,0.28747832775115967,0.1307561993598938,0.2634700834751129
69,0.28203755617141724,0.1557963639497757,0.2634700834751129
70,0.27247485518455505,0.11670032888650894,0.2634700834751129
71,0.26294004917144775,0.1525328904390335,0.2634700834751129
72,0.2513679265975952,0.0726497620344162,0.2634700834751129
73,0.2417750507593155,0.10140036046504974,0.2634700834751129
74,0.2348315566778183,0.1493910849094391,0.2634700834751129
75,0.22750543057918549,0.1391720175743103,0.2634700834751129
76,0.21179424226284027,0.1178915947675705,0.2634700834751129
77,0.20776218175888062,0.20701682567596436,0.2634700834751129
78,0.19969075918197632,0.139656662940979,0.2634700834751129
79,0.1957481950521469,0.12297391891479492,0.2634700834751129
80,0.18597206473350525,0.16876737773418427,0.2634700834751129
81,0.18784023821353912,0.1023082584142685,0.2634700834751129
82,0.1885199397802353,0.12329629063606262,0.2634700834751129
83,0.17431163787841797,0.07673953473567963,0.2634700834751129
84,0.16152948141098022,0.08508097380399704,0.2634700834751129
85,0.15934830904006958,0.13543561100959778,0.2634700834751129
86,0.15217339992523193,0.2062653750181198,0.2634700834751129
87,0.1602289080619812,0.10867186635732651,0.2634700834751129
88,0.15122616291046143,0.3459501266479492,0.3459501266479492
89,0.1460517942905426,0.21898874640464783,0.3459501266479492
90,0.14293883740901947,0.1731511950492859,0.3459501266479492
91,0.13835327327251434,0.12084558606147766,0.3459501266479492
92,0.1338413655757904,0.09830865263938904,0.3459501266479492
93,0.12556888163089752,0.05579737201333046,0.3459501266479492
94,0.12734642624855042,0.18124493956565857,0.3459501266479492
95,0.12273594737052917,0.13888250291347504,0.3459501266479492
96,0.11710770428180695,0.2361076921224594,0.3459501266479492
97,0.11458108574151993,0.0,0.3459501266479492
98,0.10562672466039658,0.07432952523231506,0.3459501266479492
99,0.10789492726325989,0.09580367803573608,0.3459501266479492
100,0.10827412456274033,0.1478101909160614,0.3459501266479492
