Rounds,Learning Rate,Client Fraction,Client Number,Local Epochs,Batch Size,Hidden Size
100,0.001,1.0,4,1,32,128
1,2.978402394213805,0.03466285020112991,0.03466285020112991
2,2.159366707920364,0.02059989795088768,0.03466285020112991
3,1.8587538285132599,0.042192744091153145,0.042192744091153145
4,1.6771295434598037,0.11632585152983665,0.11632585152983665
5,1.5478915167129716,0.07936573401093483,0.11632585152983665
6,1.4463385659767392,0.10859393700957298,0.11632585152983665
7,1.3601392590331713,0.12347472086548805,0.12347472086548805
8,1.283021649924928,0.14357098937034607,0.14357098937034607
9,1.2134582526237172,0.22341782227158546,0.22341782227158546
10,1.1500828059029369,0.2355271764099598,0.2355271764099598
11,1.0937442114131224,0.12444042786955833,0.2355271764099598
12,1.0432847227641724,0.29293251037597656,0.29293251037597656
13,0.9967201437456972,0.20744420774281025,0.29293251037597656
14,0.9562738387344154,0.30563363432884216,0.30563363432884216
15,0.9168175008357983,0.34861863404512405,0.34861863404512405
16,0.8850215686477225,0.26640256494283676,0.34861863404512405
17,0.8541899259260881,0.39014412462711334,0.39014412462711334
18,0.826193162433554,0.28632093220949173,0.39014412462711334
19,0.7981481305131064,0.29611752182245255,0.39014412462711334
20,0.7737122925099007,0.3755826782435179,0.39014412462711334
21,0.7500176719633617,0.3899296894669533,0.39014412462711334
22,0.7291428552302439,0.40293748676776886,0.40293748676776886
23,0.71153193157792,0.434079110622406,0.434079110622406
24,0.6930050916709777,0.271617004647851,0.434079110622406
25,0.6753675880808456,0.3933333232998848,0.434079110622406
26,0.6608639661528246,0.2980843856930733,0.434079110622406
27,0.644926679768074,0.31200939416885376,0.434079110622406
28,0.6299494701982433,0.44356732815504074,0.44356732815504074
29,0.6165830615310475,0.4681354761123657,0.4681354761123657
30,0.6022291662263544,0.4110987186431885,0.4681354761123657
31,0.5908683559494686,0.4209180735051632,0.4681354761123657
32,0.5773555309848808,0.4706338420510292,0.4706338420510292
33,0.5665928600581305,0.3552442640066147,0.4706338420510292
34,0.5542013822050715,0.3741057440638542,0.4706338420510292
35,0.5439505706559681,0.4199608191847801,0.4706338420510292
36,0.5374092067553984,0.42252355068922043,0.4706338420510292
37,0.5273827805076727,0.3692571520805359,0.4706338420510292
38,0.5177076402273622,0.4057083874940872,0.4706338420510292
39,0.5076437122321834,0.47028476744890213,0.4706338420510292
40,0.5003687781871479,0.4104420244693756,0.4706338420510292
41,0.4913303509782848,0.526817686855793,0.526817686855793
42,0.4824078839666113,0.3930620588362217,0.526817686855793
43,0.4726151281021452,0.5755036026239395,0.5755036026239395
44,0.46660172268951805,0.4815964102745056,0.5755036026239395
45,0.4607880287389584,0.39950987696647644,0.5755036026239395
46,0.4537064256101331,0.5575290322303772,0.5755036026239395
47,0.4470492537410439,0.41123799979686737,0.5755036026239395
48,0.44007157177514583,0.5186419785022736,0.5755036026239395
49,0.43107838577345897,0.5231585428118706,0.5755036026239395
50,0.42532309690808345,0.5595035627484322,0.5755036026239395
51,0.42166781202392206,0.5107551291584969,0.5755036026239395
52,0.4154502964790079,0.5381404906511307,0.5755036026239395
53,0.40797407203859704,0.4665794223546982,0.5755036026239395
54,0.40438687389404426,0.4932057783007622,0.5755036026239395
55,0.3971853417083176,0.46524278819561005,0.5755036026239395
56,0.39310257106024865,0.5011701285839081,0.5755036026239395
57,0.3888392138310723,0.42620932310819626,0.5755036026239395
58,0.38093062817411427,0.5148904770612717,0.5755036026239395
59,0.3778409933968948,0.515882596373558,0.5755036026239395
60,0.3728682653527677,0.5682961791753769,0.5755036026239395
61,0.36632055450279316,0.5137133523821831,0.5755036026239395
62,0.36271080849518794,0.5665524378418922,0.5755036026239395
63,0.3576812798125365,0.5574552044272423,0.5755036026239395
64,0.3543738136247856,0.517538994550705,0.5755036026239395
65,0.34926977266721154,0.4756447821855545,0.5755036026239395
66,0.3446343918739751,0.5619094297289848,0.5755036026239395
67,0.3410589402178473,0.542749211192131,0.5755036026239395
68,0.3369952672293732,0.485018253326416,0.5755036026239395
69,0.33224096584658125,0.5278573334217072,0.5755036026239395
70,0.32925848387652934,0.5899800807237625,0.5899800807237625
71,0.3257414394870404,0.5408589616417885,0.5899800807237625
72,0.32227103802073703,0.6111684441566467,0.6111684441566467
73,0.31781013114649176,0.5717713981866837,0.6111684441566467
74,0.31583599681579344,0.5487431585788727,0.6111684441566467
75,0.3103969752747413,0.4172918274998665,0.6111684441566467
76,0.30666617481567465,0.46368542313575745,0.6111684441566467
77,0.30321745837820646,0.5916223675012589,0.6111684441566467
78,0.2990143821997153,0.5600335001945496,0.6111684441566467
79,0.29820889515102594,0.5848020017147064,0.6111684441566467
80,0.29467851128390804,0.5306941270828247,0.6111684441566467
81,0.2904792762780983,0.6016536802053452,0.6111684441566467
82,0.28769220896636627,0.59516242146492,0.6111684441566467
83,0.2845937728618844,0.5427467525005341,0.6111684441566467
84,0.282950975549729,0.4945671781897545,0.6111684441566467
85,0.27914709556356954,0.6009535938501358,0.6111684441566467
86,0.27715343815133164,0.5963241532444954,0.6111684441566467
87,0.27432979483587894,0.5793561339378357,0.6111684441566467
88,0.27128164546521566,0.5931808426976204,0.6111684441566467
89,0.26916586895504735,0.652754545211792,0.652754545211792
90,0.26430338090174305,0.5377027168869972,0.652754545211792
91,0.2623296951850712,0.5638111680746078,0.652754545211792
92,0.2592486947032437,0.5176313668489456,0.652754545211792
93,0.2584038864023189,0.5287449508905411,0.652754545211792
94,0.2564955761709864,0.5950916111469269,0.652754545211792
95,0.25403140394941015,0.585287019610405,0.652754545211792
96,0.25225501971219794,0.611921414732933,0.652754545211792
97,0.24914057745470192,0.5147015005350113,0.652754545211792
98,0.2466549859974392,0.5494821667671204,0.652754545211792
99,0.24354388813374805,0.5362520664930344,0.652754545211792
100,0.241899019066484,0.6203143447637558,0.652754545211792
