1,5.200963973999023,0.0,0
2,4.994204521179199,0.0,0
3,4.748682498931885,0.0,0
4,4.516669750213623,0.0,0
5,4.339349269866943,0.0,0
6,4.152449131011963,0.0,0
7,4.009347438812256,0.0,0
8,3.8091373443603516,0.0,0
9,3.6566052436828613,0.0,0
10,3.5410983562469482,0.0,0
11,3.346604108810425,0.0,0
12,3.2261552810668945,0.0,0
13,3.1074249744415283,0.0,0
14,2.9570791721343994,0.0,0
15,2.8673458099365234,0.0,0
16,2.7519049644470215,0.0,0
17,2.6453914642333984,0.0,0
18,2.5625836849212646,0.0,0
19,2.4657747745513916,0.0,0
20,2.4008848667144775,0.0,0
21,2.3084702491760254,0.048653747886419296,0.048653747886419296
22,2.230670213699341,0.0,0.048653747886419296
23,2.1283469200134277,0.05579991266131401,0.05579991266131401
24,2.054391860961914,0.05273482948541641,0.05579991266131401
25,1.9947190284729004,0.04698238894343376,0.05579991266131401
26,1.9247920513153076,0.0,0.05579991266131401
27,1.8713515996932983,0.028788065537810326,0.05579991266131401
28,1.7786431312561035,0.06674158573150635,0.06674158573150635
29,1.7273871898651123,0.053751140832901,0.06674158573150635
30,1.6244380474090576,0.12219838798046112,0.12219838798046112
31,1.5630056858062744,0.0,0.12219838798046112
32,1.5039933919906616,0.0,0.12219838798046112
33,1.4421828985214233,0.06886280328035355,0.12219838798046112
34,1.406357765197754,0.06978432089090347,0.12219838798046112
35,1.3634213209152222,0.07301124930381775,0.12219838798046112
36,1.2818188667297363,0.08868828415870667,0.12219838798046112
37,1.2527531385421753,0.07510431855916977,0.12219838798046112
38,1.1977577209472656,0.13521531224250793,0.13521531224250793
39,1.1549508571624756,0.048173755407333374,0.13521531224250793
40,1.0933945178985596,0.0,0.13521531224250793
41,1.06703782081604,0.13553710281848907,0.13553710281848907
42,1.0122995376586914,0.05615389719605446,0.13553710281848907
43,0.9575890302658081,0.12053999304771423,0.13553710281848907
44,0.9273748993873596,0.166725754737854,0.166725754737854
45,0.922554612159729,0.1017257571220398,0.166725754737854
46,0.867038905620575,0.0,0.166725754737854
47,0.8266950845718384,0.1618519425392151,0.166725754737854
48,0.7709407806396484,0.09346605092287064,0.166725754737854
49,0.7340036630630493,0.06524952501058578,0.166725754737854
50,0.7048432230949402,0.203313410282135,0.203313410282135
51,0.6978766918182373,0.06496277451515198,0.203313410282135
52,0.6579779982566833,0.1715393364429474,0.203313410282135
53,0.6226929426193237,0.1726624071598053,0.203313410282135
54,0.6157199740409851,0.24472767114639282,0.24472767114639282
55,0.5680736303329468,0.13244298100471497,0.24472767114639282
56,0.5570773482322693,0.28094199299812317,0.28094199299812317
57,0.5370272994041443,0.2432275116443634,0.28094199299812317
58,0.49992111325263977,0.06827020645141602,0.28094199299812317
59,0.48378926515579224,0.17040179669857025,0.28094199299812317
60,0.46693897247314453,0.07126443088054657,0.28094199299812317
61,0.44348952174186707,0.06885572522878647,0.28094199299812317
62,0.4181944727897644,0.11492990702390671,0.28094199299812317
63,0.4170614182949066,0.22787046432495117,0.28094199299812317
64,0.39169302582740784,0.15370427072048187,0.28094199299812317
65,0.3623056709766388,0.15740656852722168,0.28094199299812317
66,0.3602522611618042,0.24676603078842163,0.28094199299812317
67,0.3498157262802124,0.12466642260551453,0.28094199299812317
68,0.33537158370018005,0.2673158049583435,0.28094199299812317
69,0.31940391659736633,0.2885604798793793,0.2885604798793793
70,0.3079220652580261,0.05316966399550438,0.2885604798793793
71,0.30521970987319946,0.1153506264090538,0.2885604798793793
72,0.2923968434333801,0.0,0.2885604798793793
73,0.2740243971347809,0.14908146858215332,0.2885604798793793
74,0.2584618330001831,0.23990145325660706,0.2885604798793793
75,0.24809420108795166,0.0,0.2885604798793793
76,0.24374715983867645,0.2559397518634796,0.2885604798793793
77,0.23390978574752808,0.17247214913368225,0.2885604798793793
78,0.2347605675458908,0.17364583909511566,0.2885604798793793
79,0.2173566073179245,0.2024577409029007,0.2885604798793793
80,0.21225684881210327,0.13070325553417206,0.2885604798793793
81,0.2024417668581009,0.08750957995653152,0.2885604798793793
82,0.19937820732593536,0.20837359130382538,0.2885604798793793
83,0.1895507276058197,0.16258880496025085,0.2885604798793793
84,0.1870284080505371,0.1564532369375229,0.2885604798793793
85,0.18791203200817108,0.22729146480560303,0.2885604798793793
86,0.1745312362909317,0.0959658995270729,0.2885604798793793
87,0.17182593047618866,0.25924399495124817,0.2885604798793793
88,0.16786332428455353,0.09136312454938889,0.2885604798793793
89,0.16138340532779694,0.13883090019226074,0.2885604798793793
90,0.15107935667037964,0.043976664543151855,0.2885604798793793
91,0.1520494967699051,0.14460664987564087,0.2885604798793793
92,0.1453707367181778,0.15042062103748322,0.2885604798793793
93,0.1438068002462387,0.2014499008655548,0.2885604798793793
94,0.13978244364261627,0.26399171352386475,0.2885604798793793
95,0.13369804620742798,0.20234696567058563,0.2885604798793793
96,0.13297145068645477,0.24336472153663635,0.2885604798793793
97,0.1319562941789627,0.14836174249649048,0.2885604798793793
98,0.12989646196365356,0.20678216218948364,0.2885604798793793
99,0.12794697284698486,0.13162074983119965,0.2885604798793793
100,0.12046634405851364,0.22885127365589142,0.2885604798793793
