1,5.068773587544759,0.0,0
2,4.366901397705078,0.0,0
3,3.866677204767863,0.0,0
4,3.4580954710642495,0.0,0
5,3.1760626633961997,0.0,0
6,2.936663548151652,0.0,0
7,2.7960994243621826,0.0,0
8,2.621149937311808,0.0,0
9,2.4852357705434165,0.0,0
10,2.37642772992452,0.05144305154681206,0.05144305154681206
11,2.2701764901479087,0.0,0.05144305154681206
12,2.1777175267537436,0.0,0.05144305154681206
13,2.093220869700114,0.0,0.05144305154681206
14,2.0174719095230103,0.0,0.05144305154681206
15,1.954662561416626,0.0,0.05144305154681206
16,1.8846198717753093,0.0,0.05144305154681206
17,1.8106327851613362,0.0,0.05144305154681206
18,1.7573717037836711,0.10107003152370453,0.10107003152370453
19,1.6920881668726604,0.10577159374952316,0.10577159374952316
20,1.6347856521606445,0.11899828910827637,0.11899828910827637
21,1.565263311068217,0.0,0.11899828910827637
22,1.5135869185129802,0.18235009908676147,0.18235009908676147
23,1.4601616462071736,0.14417830109596252,0.18235009908676147
24,1.4009953339894612,0.18058009445667267,0.18235009908676147
25,1.3551123142242432,0.23103773593902588,0.23103773593902588
26,1.3169037103652954,0.14585739374160767,0.23103773593902588
27,1.2475619316101074,0.23320291936397552,0.23320291936397552
28,1.1972031195958455,0.16932238638401031,0.23320291936397552
29,1.1564774910608928,0.2844444513320923,0.2844444513320923
30,1.1200855175654094,0.1786881983280182,0.2844444513320923
31,1.069715956846873,0.1736694872379303,0.2844444513320923
32,1.0396035114924114,0.26785945892333984,0.2844444513320923
33,0.9840061267217001,0.359418660402298,0.359418660402298
34,0.9359107414881388,0.3026529848575592,0.359418660402298
35,0.9145455757776896,0.21889108419418335,0.359418660402298
36,0.8807125886281332,0.27730792760849,0.359418660402298
37,0.828929583231608,0.300179123878479,0.359418660402298
38,0.8047180573145548,0.2812865674495697,0.359418660402298
39,0.7695368329683939,0.3864330053329468,0.3864330053329468
40,0.7223514914512634,0.4740602970123291,0.4740602970123291
41,0.6969175934791565,0.4188462197780609,0.4740602970123291
42,0.6685977776845297,0.39164039492607117,0.4740602970123291
43,0.63106769323349,0.5822481513023376,0.5822481513023376
44,0.6085987687110901,0.4437716007232666,0.5822481513023376
45,0.5987047950426737,0.43712571263313293,0.5822481513023376
46,0.5564020474751791,0.5289707779884338,0.5822481513023376
47,0.5315774083137512,0.32930344343185425,0.5822481513023376
48,0.5050803820292155,0.4592166543006897,0.5822481513023376
49,0.48225341240564984,0.5714687705039978,0.5822481513023376
50,0.4725732704003652,0.4988107681274414,0.5822481513023376
51,0.4483911395072937,0.5565847158432007,0.5822481513023376
52,0.4212741553783417,0.4791249632835388,0.5822481513023376
53,0.412457396586736,0.5229060053825378,0.5822481513023376
54,0.38426748911539715,0.4914475977420807,0.5822481513023376
55,0.37317777673403424,0.5476003885269165,0.5822481513023376
56,0.35390058159828186,0.5737978219985962,0.5822481513023376
57,0.3306420048077901,0.6074252724647522,0.6074252724647522
58,0.3197358151276906,0.6223838329315186,0.6223838329315186
59,0.3041500747203827,0.7052351236343384,0.7052351236343384
60,0.29503800471623737,0.6379386782646179,0.7052351236343384
61,0.2827052175998688,0.5870450139045715,0.7052351236343384
62,0.2648378362258275,0.6668517589569092,0.7052351236343384
63,0.25194649398326874,0.6160717010498047,0.7052351236343384
64,0.24775323768456778,0.5933469533920288,0.7052351236343384
65,0.23687873284022012,0.6112523674964905,0.7052351236343384
66,0.23223213851451874,0.6033462882041931,0.7052351236343384
67,0.21556191643079123,0.6878215074539185,0.7052351236343384
68,0.20841147502263388,0.6165549755096436,0.7052351236343384
69,0.20065046846866608,0.6329619288444519,0.7052351236343384
70,0.19129217167695364,0.6565334796905518,0.7052351236343384
71,0.18753001590569815,0.6896798610687256,0.7052351236343384
72,0.18150658905506134,0.6929102540016174,0.7052351236343384
73,0.1756223440170288,0.46955302357673645,0.7052351236343384
74,0.16835704445838928,0.6671425700187683,0.7052351236343384
75,0.15875455240408579,0.5535150766372681,0.7052351236343384
76,0.15192786355813345,0.6199910044670105,0.7052351236343384
77,0.14913657307624817,0.5429758429527283,0.7052351236343384
78,0.14752515653769174,0.5943260192871094,0.7052351236343384
79,0.14075762778520584,0.6007395386695862,0.7052351236343384
80,0.13629122575124106,0.6324735283851624,0.7052351236343384
81,0.12747210512558618,0.6223838329315186,0.7052351236343384
82,0.12465231617291768,0.5757967233657837,0.7052351236343384
83,0.12265562266111374,0.6580199599266052,0.7052351236343384
84,0.12350916614135106,0.7461308240890503,0.7461308240890503
85,0.11723042527834575,0.692679226398468,0.7461308240890503
86,0.11394619196653366,0.6104922294616699,0.7461308240890503
87,0.11190514018138249,0.6623409986495972,0.7461308240890503
88,0.10785014430681865,0.6466063857078552,0.7461308240890503
89,0.10259870439767838,0.6477180123329163,0.7461308240890503
90,0.10138217608133952,0.5586194396018982,0.7461308240890503
91,0.09773203482230504,0.6498797535896301,0.7461308240890503
92,0.09745797018210094,0.6376020908355713,0.7461308240890503
93,0.09349771837393443,0.6346729397773743,0.7461308240890503
94,0.09056226909160614,0.6090468764305115,0.7461308240890503
95,0.08576174825429916,0.6747781038284302,0.7461308240890503
96,0.0870601013302803,0.5807756781578064,0.7461308240890503
97,0.08359768489996593,0.6303892135620117,0.7461308240890503
98,0.07980062315861385,0.5369518399238586,0.7461308240890503
99,0.07979937146107356,0.666754424571991,0.7461308240890503
100,0.08107524613539378,0.6310103535652161,0.7461308240890503
