1,5.008931636810303,0.0,0
2,4.280885060628255,0.0,0
3,3.7473577658335366,0.0,0
4,3.3992385069529214,0.0,0
5,3.1226466496785483,0.0,0
6,2.9261488119761148,0.0,0
7,2.756923278172811,0.0,0
8,2.60152800877889,0.0,0
9,2.458789269129435,0.0,0
10,2.3616367181142173,0.0,0
11,2.244016091028849,0.044970836490392685,0.044970836490392685
12,2.1517255306243896,0.0,0.044970836490392685
13,2.0628798405329385,0.0,0.044970836490392685
14,1.993377447128296,0.0,0.044970836490392685
15,1.9053717454274495,0.09853976964950562,0.09853976964950562
16,1.8385452032089233,0.11044827103614807,0.11044827103614807
17,1.7702925602595012,0.07828941941261292,0.11044827103614807
18,1.7101690371831257,0.07768826186656952,0.11044827103614807
19,1.640593409538269,0.08999548852443695,0.11044827103614807
20,1.5671498775482178,0.11106131225824356,0.11106131225824356
21,1.5225828886032104,0.18308670818805695,0.18308670818805695
22,1.4583392143249512,0.22755390405654907,0.22755390405654907
23,1.4075791438420613,0.20510438084602356,0.22755390405654907
24,1.3477062384287517,0.14383412897586823,0.22755390405654907
25,1.2902472813924153,0.19177649915218353,0.22755390405654907
26,1.2418248256047566,0.2283424735069275,0.2283424735069275
27,1.1946295897165935,0.2349877953529358,0.2349877953529358
28,1.1500959396362305,0.1537255048751831,0.2349877953529358
29,1.1022642850875854,0.19717654585838318,0.2349877953529358
30,1.054244041442871,0.2538881003856659,0.2538881003856659
31,1.0076003273328145,0.27024000883102417,0.27024000883102417
32,0.9721039136250814,0.27705299854278564,0.27705299854278564
33,0.9315969944000244,0.27332040667533875,0.27705299854278564
34,0.884045402208964,0.24569641053676605,0.27705299854278564
35,0.8626378575960795,0.3035784363746643,0.3035784363746643
36,0.7972931663195292,0.36926931142807007,0.36926931142807007
37,0.7815237045288086,0.23055972158908844,0.36926931142807007
38,0.7437565128008524,0.24652904272079468,0.36926931142807007
39,0.7052703301111857,0.3629934787750244,0.36926931142807007
40,0.6719511946042379,0.4402562975883484,0.4402562975883484
41,0.6367538968722025,0.4213807284832001,0.4402562975883484
42,0.6065509915351868,0.3968329131603241,0.4402562975883484
43,0.5850493113199869,0.31997355818748474,0.4402562975883484
44,0.5572478373845419,0.38537806272506714,0.4402562975883484
45,0.5321144064267477,0.3720763921737671,0.4402562975883484
46,0.4978336791197459,0.4252238869667053,0.4402562975883484
47,0.48403965433438617,0.3593062162399292,0.4402562975883484
48,0.45786351958910626,0.4047323763370514,0.4402562975883484
49,0.43878694375356037,0.31329312920570374,0.4402562975883484
50,0.41646087169647217,0.4226009249687195,0.4402562975883484
51,0.39171918233235675,0.5188751816749573,0.5188751816749573
52,0.3744037449359894,0.5012279748916626,0.5188751816749573
53,0.3606580396493276,0.4764818549156189,0.5188751816749573
54,0.34285298983256024,0.4876714050769806,0.5188751816749573
55,0.33054978648821515,0.5792785882949829,0.5792785882949829
56,0.31613216797510785,0.4204564094543457,0.5792785882949829
57,0.29723915457725525,0.6918275356292725,0.6918275356292725
58,0.2824353476365407,0.35961028933525085,0.6918275356292725
59,0.27030254403750104,0.5162982940673828,0.6918275356292725
60,0.2641646166642507,0.49532651901245117,0.6918275356292725
61,0.24751990040143332,0.44498538970947266,0.6918275356292725
62,0.23871954282124838,0.549454391002655,0.6918275356292725
63,0.233727032939593,0.5372406840324402,0.6918275356292725
64,0.21845091879367828,0.39902129769325256,0.6918275356292725
65,0.209656889239947,0.5102581977844238,0.6918275356292725
66,0.20273195207118988,0.3837999403476715,0.6918275356292725
67,0.19449656208356222,0.5298656821250916,0.6918275356292725
68,0.18992681304613748,0.5184938311576843,0.6918275356292725
69,0.17703142762184143,0.513543426990509,0.6918275356292725
70,0.17329148948192596,0.3866499066352844,0.6918275356292725
71,0.17197040220101675,0.4375576972961426,0.6918275356292725
72,0.16335566341876984,0.5290966629981995,0.6918275356292725
73,0.1551369527975718,0.46824702620506287,0.6918275356292725
74,0.1515207141637802,0.5500597953796387,0.6918275356292725
75,0.14281528194745383,0.5146393775939941,0.6918275356292725
76,0.1418689787387848,0.5886048674583435,0.6918275356292725
77,0.13125413904587427,0.5214632153511047,0.6918275356292725
78,0.13027131060759226,0.4736681282520294,0.6918275356292725
79,0.12487370520830154,0.499029278755188,0.6918275356292725
80,0.12332223107417424,0.4600226879119873,0.6918275356292725
81,0.11445688953002293,0.622203528881073,0.6918275356292725
82,0.11282705267270406,0.4898346960544586,0.6918275356292725
83,0.11578838527202606,0.6291608214378357,0.6918275356292725
84,0.11132398496071498,0.46886083483695984,0.6918275356292725
85,0.1062395249803861,0.6210178732872009,0.6918275356292725
86,0.10102804501851399,0.5259310007095337,0.6918275356292725
87,0.10120031485954921,0.5564647316932678,0.6918275356292725
88,0.09546382228533427,0.562324047088623,0.6918275356292725
89,0.09365556389093399,0.48555001616477966,0.6918275356292725
90,0.09029210358858109,0.5677574872970581,0.6918275356292725
91,0.09002901365359624,0.5421095490455627,0.6918275356292725
92,0.08595606684684753,0.6012609004974365,0.6918275356292725
93,0.08462613821029663,0.44972535967826843,0.6918275356292725
94,0.08831848949193954,0.5246649980545044,0.6918275356292725
95,0.08162434647480647,0.5152655839920044,0.6918275356292725
96,0.07943978408972423,0.5844193696975708,0.6918275356292725
97,0.07663213709990184,0.43154478073120117,0.6918275356292725
98,0.07459292312463124,0.4887785315513611,0.6918275356292725
99,0.07484608888626099,0.45309212803840637,0.6918275356292725
100,0.07313748945792516,0.3762582242488861,0.6918275356292725
