1,5.244183540344238,0.0,0
2,4.969567775726318,0.0,0
3,4.685588836669922,0.0,0
4,4.499001502990723,0.0,0
5,4.241971969604492,0.0,0
6,4.0260515213012695,0.0,0
7,3.8390157222747803,0.0,0
8,3.667313575744629,0.0,0
9,3.5225234031677246,0.0,0
10,3.355259656906128,0.0,0
11,3.1977462768554688,0.0,0
12,3.0467474460601807,0.0,0
13,2.8814315795898438,0.0,0
14,2.7849836349487305,0.0,0
15,2.66672420501709,0.0,0
16,2.5415377616882324,0.03543194383382797,0.03543194383382797
17,2.4622750282287598,0.0,0.03543194383382797
18,2.348891258239746,0.04671986773610115,0.04671986773610115
19,2.2259273529052734,0.0,0.04671986773610115
20,2.1644105911254883,0.0,0.04671986773610115
21,2.042238473892212,0.07190411537885666,0.07190411537885666
22,1.9640215635299683,0.0,0.07190411537885666
23,1.9032983779907227,0.0,0.07190411537885666
24,1.836716651916504,0.0,0.07190411537885666
25,1.7421555519104004,0.0,0.07190411537885666
26,1.6878077983856201,0.049177031964063644,0.07190411537885666
27,1.621437430381775,0.046859100461006165,0.07190411537885666
28,1.5484058856964111,0.0,0.07190411537885666
29,1.4971462488174438,0.06324061751365662,0.07190411537885666
30,1.4534461498260498,0.10894940048456192,0.10894940048456192
31,1.3797056674957275,0.05923128500580788,0.10894940048456192
32,1.3190357685089111,0.12093943357467651,0.12093943357467651
33,1.2632648944854736,0.0,0.12093943357467651
34,1.2337558269500732,0.09515653550624847,0.12093943357467651
35,1.1799439191818237,0.11242207884788513,0.12093943357467651
36,1.1315577030181885,0.06411073356866837,0.12093943357467651
37,1.0941449403762817,0.10650366544723511,0.12093943357467651
38,1.055389404296875,0.10721716284751892,0.12093943357467651
39,1.0046356916427612,0.0,0.12093943357467651
40,0.9644290208816528,0.18593032658100128,0.18593032658100128
41,0.9044560790061951,0.13320448994636536,0.18593032658100128
42,0.8970285058021545,0.0,0.18593032658100128
43,0.8632632493972778,0.1478840708732605,0.18593032658100128
44,0.8034719824790955,0.15394990146160126,0.18593032658100128
45,0.7671190500259399,0.07489289343357086,0.18593032658100128
46,0.7445318102836609,0.06698670238256454,0.18593032658100128
47,0.7204671502113342,0.0644482746720314,0.18593032658100128
48,0.6986978054046631,0.18525899946689606,0.18593032658100128
49,0.6630306243896484,0.14507557451725006,0.18593032658100128
50,0.6376940608024597,0.12029357999563217,0.18593032658100128
51,0.6114530563354492,0.17120525240898132,0.18593032658100128
52,0.6003801822662354,0.12655237317085266,0.18593032658100128
53,0.5536179542541504,0.12087509781122208,0.18593032658100128
54,0.5402838587760925,0.13952043652534485,0.18593032658100128
55,0.5191258788108826,0.07412037253379822,0.18593032658100128
56,0.49151498079299927,0.08309677988290787,0.18593032658100128
57,0.47364506125450134,0.0,0.18593032658100128
58,0.45582473278045654,0.14399278163909912,0.18593032658100128
59,0.44099053740501404,0.0,0.18593032658100128
60,0.4220278263092041,0.26164647936820984,0.26164647936820984
61,0.40234553813934326,0.14674882590770721,0.26164647936820984
62,0.38920584321022034,0.1529311090707779,0.26164647936820984
63,0.37946268916130066,0.046565115451812744,0.26164647936820984
64,0.36471638083457947,0.07184205204248428,0.26164647936820984
65,0.3375580310821533,0.10530146956443787,0.26164647936820984
66,0.3284374475479126,0.05211739242076874,0.26164647936820984
67,0.32948198914527893,0.07939741760492325,0.26164647936820984
68,0.3110920786857605,0.08587630838155746,0.26164647936820984
69,0.30404818058013916,0.13835015892982483,0.26164647936820984
70,0.2969460189342499,0.17525307834148407,0.26164647936820984
71,0.27696049213409424,0.1060117855668068,0.26164647936820984
72,0.26777830719947815,0.18526914715766907,0.26164647936820984
73,0.25510525703430176,0.053809866309165955,0.26164647936820984
74,0.25185227394104004,0.1591479331254959,0.26164647936820984
75,0.2488558143377304,0.06747023016214371,0.26164647936820984
76,0.2305399775505066,0.1562860608100891,0.26164647936820984
77,0.2179460972547531,0.10423930734395981,0.26164647936820984
78,0.21286241710186005,0.16646964848041534,0.26164647936820984
79,0.2067432552576065,0.16168437898159027,0.26164647936820984
80,0.20345106720924377,0.07787185162305832,0.26164647936820984
81,0.19983121752738953,0.08184931427240372,0.26164647936820984
82,0.19214850664138794,0.22034338116645813,0.26164647936820984
83,0.18804985284805298,0.14074504375457764,0.26164647936820984
84,0.17492759227752686,0.23027123510837555,0.26164647936820984
85,0.17098669707775116,0.1130119040608406,0.26164647936820984
86,0.1681315004825592,0.1548275649547577,0.26164647936820984
87,0.16282925009727478,0.22508010268211365,0.26164647936820984
88,0.16308926045894623,0.1640351265668869,0.26164647936820984
89,0.1551865190267563,0.1373721808195114,0.26164647936820984
90,0.14913879334926605,0.20389388501644135,0.26164647936820984
91,0.1457211822271347,0.17664118111133575,0.26164647936820984
92,0.14367689192295074,0.10264023393392563,0.26164647936820984
93,0.13261963427066803,0.24158033728599548,0.26164647936820984
94,0.1359432488679886,0.17326834797859192,0.26164647936820984
95,0.13355931639671326,0.17693032324314117,0.26164647936820984
96,0.12972086668014526,0.08730930835008621,0.26164647936820984
97,0.126921609044075,0.1034083142876625,0.26164647936820984
98,0.12217344343662262,0.1878884732723236,0.26164647936820984
99,0.1193450540304184,0.2743314802646637,0.2743314802646637
100,0.112735815346241,0.10907724499702454,0.2743314802646637
