1,5.500311851501465,0.0,0
2,5.238746166229248,0.0,0
3,4.967891693115234,0.0,0
4,4.640055179595947,0.0,0
5,4.475332260131836,0.0,0
6,4.226389408111572,0.0,0
7,4.046136856079102,0.0,0
8,3.852802038192749,0.0,0
9,3.6926016807556152,0.0,0
10,3.5007543563842773,0.0,0
11,3.375736713409424,0.0,0
12,3.194347858428955,0.0,0
13,3.0382766723632812,0.028984980657696724,0.028984980657696724
14,2.945958137512207,0.0,0.028984980657696724
15,2.814359664916992,0.0,0.028984980657696724
16,2.66837215423584,0.0,0.028984980657696724
17,2.5689525604248047,0.0,0.028984980657696724
18,2.4800407886505127,0.0,0.028984980657696724
19,2.430912494659424,0.0,0.028984980657696724
20,2.2644193172454834,0.0,0.028984980657696724
21,2.230341672897339,0.03276791796088219,0.03276791796088219
22,2.144777774810791,0.032897304743528366,0.032897304743528366
23,2.051835298538208,0.06397848576307297,0.06397848576307297
24,1.97637939453125,0.09802033007144928,0.09802033007144928
25,1.8846862316131592,0.03679458424448967,0.09802033007144928
26,1.8171292543411255,0.029895538464188576,0.09802033007144928
27,1.7599483728408813,0.0,0.09802033007144928
28,1.6931564807891846,0.10958418995141983,0.10958418995141983
29,1.6177363395690918,0.03130786865949631,0.10958418995141983
30,1.5688937902450562,0.0,0.10958418995141983
31,1.4656968116760254,0.07073099166154861,0.10958418995141983
32,1.4309096336364746,0.0,0.10958418995141983
33,1.3885154724121094,0.0,0.10958418995141983
34,1.2973867654800415,0.07401832193136215,0.10958418995141983
35,1.2790642976760864,0.10726788640022278,0.10958418995141983
36,1.2247169017791748,0.0,0.10958418995141983
37,1.1351702213287354,0.08725149929523468,0.10958418995141983
38,1.1499563455581665,0.1679687798023224,0.1679687798023224
39,1.0695494413375854,0.08071479946374893,0.1679687798023224
40,1.0223575830459595,0.08027070760726929,0.1679687798023224
41,0.9892804622650146,0.07879165560007095,0.1679687798023224
42,0.941291093826294,0.1760243922472,0.1760243922472
43,0.8910934329032898,0.14210225641727448,0.1760243922472
44,0.8624876141548157,0.05802424997091293,0.1760243922472
45,0.818219780921936,0.11541841179132462,0.1760243922472
46,0.7883347272872925,0.05075560882687569,0.1760243922472
47,0.756903886795044,0.13353444635868073,0.1760243922472
48,0.7401430010795593,0.09985583275556564,0.1760243922472
49,0.7028346061706543,0.21580614149570465,0.21580614149570465
50,0.6492337584495544,0.0827571302652359,0.21580614149570465
51,0.6364096403121948,0.1444135159254074,0.21580614149570465
52,0.6174079775810242,0.0782943144440651,0.21580614149570465
53,0.5749781727790833,0.12022124230861664,0.21580614149570465
54,0.5714910626411438,0.0,0.21580614149570465
55,0.5322384238243103,0.0772361010313034,0.21580614149570465
56,0.5140694379806519,0.1992141157388687,0.21580614149570465
57,0.49218201637268066,0.07578828185796738,0.21580614149570465
58,0.4706994593143463,0.10168387740850449,0.21580614149570465
59,0.4594215750694275,0.06911386549472809,0.21580614149570465
60,0.4278130829334259,0.1320747584104538,0.21580614149570465
61,0.4301283359527588,0.0959298238158226,0.21580614149570465
62,0.40987950563430786,0.0,0.21580614149570465
63,0.39074015617370605,0.1813635528087616,0.21580614149570465
64,0.3772200047969818,0.2764274477958679,0.2764274477958679
65,0.34638676047325134,0.07406621426343918,0.2764274477958679
66,0.35182976722717285,0.07669436186552048,0.2764274477958679
67,0.3258756697177887,0.0767376497387886,0.2764274477958679
68,0.3155885934829712,0.1281318962574005,0.2764274477958679
69,0.3055581748485565,0.23648035526275635,0.2764274477958679
70,0.29159438610076904,0.2951599061489105,0.2951599061489105
71,0.2774345874786377,0.24631980061531067,0.2951599061489105
72,0.2748032510280609,0.11655782163143158,0.2951599061489105
73,0.2558329999446869,0.14269821345806122,0.2951599061489105
74,0.25376805663108826,0.08007577061653137,0.2951599061489105
75,0.23482292890548706,0.1584448665380478,0.2951599061489105
76,0.23749962449073792,0.06551646441221237,0.2951599061489105
77,0.2251487672328949,0.16480739414691925,0.2951599061489105
78,0.21603156626224518,0.12334992736577988,0.2951599061489105
79,0.21348175406455994,0.12370014935731888,0.2951599061489105
80,0.20299868285655975,0.0,0.2951599061489105
81,0.19831302762031555,0.12436752766370773,0.2951599061489105
82,0.19025017321109772,0.189042866230011,0.2951599061489105
83,0.18738719820976257,0.13105785846710205,0.2951599061489105
84,0.17949728667736053,0.212892085313797,0.2951599061489105
85,0.17649002373218536,0.07100356370210648,0.2951599061489105
86,0.16613128781318665,0.0,0.2951599061489105
87,0.16840232908725739,0.08263374119997025,0.2951599061489105
88,0.16425392031669617,0.16481691598892212,0.2951599061489105
89,0.15167754888534546,0.12791335582733154,0.2951599061489105
90,0.14765731990337372,0.08544802665710449,0.2951599061489105
91,0.14557021856307983,0.0,0.2951599061489105
92,0.14109648764133453,0.174229696393013,0.2951599061489105
93,0.1362350881099701,0.15063975751399994,0.2951599061489105
94,0.12926550209522247,0.13377685844898224,0.2951599061489105
95,0.12553805112838745,0.07822831720113754,0.2951599061489105
96,0.13046404719352722,0.20076434314250946,0.2951599061489105
97,0.12335409969091415,0.2019428312778473,0.2951599061489105
98,0.12199663370847702,0.1263413280248642,0.2951599061489105
99,0.11548172682523727,0.0,0.2951599061489105
100,0.11192908138036728,0.19551363587379456,0.2951599061489105
