1,4.818812847137451,0.0,0
2,4.159321626027425,0.0,0
3,3.675153970718384,0.0,0
4,3.3303604125976562,0.0,0
5,3.097612460454305,0.0,0
6,2.9025880495707193,0.0,0
7,2.7135518391927085,0.0,0
8,2.5834456284840903,0.030531182885169983,0.030531182885169983
9,2.4633090496063232,0.0,0.030531182885169983
10,2.357024669647217,0.07493919134140015,0.07493919134140015
11,2.247049411137899,0.04798610508441925,0.07493919134140015
12,2.153368274370829,0.0,0.07493919134140015
13,2.0754098892211914,0.0,0.07493919134140015
14,1.9907511075337727,0.1042783334851265,0.1042783334851265
15,1.932570258776347,0.10675084590911865,0.10675084590911865
16,1.8433446486790974,0.08035185188055038,0.10675084590911865
17,1.7769343852996826,0.11081158369779587,0.11081158369779587
18,1.7169568141301472,0.06831493228673935,0.11081158369779587
19,1.6582344770431519,0.11511685699224472,0.11511685699224472
20,1.5957522789637248,0.08965837955474854,0.11511685699224472
21,1.542687217394511,0.05098523572087288,0.11511685699224472
22,1.47287650903066,0.08419611304998398,0.11511685699224472
23,1.4265199104944866,0.1697709709405899,0.1697709709405899
24,1.3769584496815999,0.21120139956474304,0.21120139956474304
25,1.32817276318868,0.16831229627132416,0.21120139956474304
26,1.2682100931803386,0.095355324447155,0.21120139956474304
27,1.213935136795044,0.14511346817016602,0.21120139956474304
28,1.1781527598698933,0.19286426901817322,0.21120139956474304
29,1.1113675435384114,0.16025196015834808,0.21120139956474304
30,1.0757124026616414,0.22455966472625732,0.22455966472625732
31,1.028228223323822,0.2586744427680969,0.2586744427680969
32,1.0069864590962727,0.22661885619163513,0.2586744427680969
33,0.9485392570495605,0.24700000882148743,0.2586744427680969
34,0.9080076416333517,0.28762879967689514,0.28762879967689514
35,0.8727631370226542,0.29497411847114563,0.29497411847114563
36,0.8256298104921976,0.2667502760887146,0.29497411847114563
37,0.8100616137186686,0.27840980887413025,0.29497411847114563
38,0.7653267979621887,0.27951163053512573,0.29497411847114563
39,0.7361301382382711,0.316358745098114,0.316358745098114
40,0.7003512183825175,0.3279365301132202,0.3279365301132202
41,0.6568642457326254,0.22815446555614471,0.3279365301132202
42,0.6375295718510946,0.38610875606536865,0.38610875606536865
43,0.6130714615186056,0.373507022857666,0.38610875606536865
44,0.5683990319569906,0.2852928936481476,0.38610875606536865
45,0.5457888841629028,0.4285719096660614,0.4285719096660614
46,0.5180953244368235,0.3910408318042755,0.4285719096660614
47,0.5004201531410217,0.49614012241363525,0.49614012241363525
48,0.4788627823193868,0.30774250626564026,0.49614012241363525
49,0.4428645372390747,0.4302122890949249,0.49614012241363525
50,0.42346471548080444,0.43623754382133484,0.49614012241363525
51,0.4117966989676158,0.4746474325656891,0.49614012241363525
52,0.38104742765426636,0.485845685005188,0.49614012241363525
53,0.37636685371398926,0.38647812604904175,0.49614012241363525
54,0.35173724095026654,0.544184684753418,0.544184684753418
55,0.34045148889223736,0.39214470982551575,0.544184684753418
56,0.31855149070421857,0.4272870123386383,0.544184684753418
57,0.30415504177411395,0.4175829291343689,0.544184684753418
58,0.2879665791988373,0.5001204013824463,0.544184684753418
59,0.274851659933726,0.5273623466491699,0.544184684753418
60,0.26564763983090717,0.37574121356010437,0.544184684753418
61,0.25221390028794605,0.5442774891853333,0.5442774891853333
62,0.24750159680843353,0.33580920100212097,0.5442774891853333
63,0.23457780480384827,0.4757675230503082,0.5442774891853333
64,0.22266756494839987,0.463318794965744,0.5442774891853333
65,0.2129870504140854,0.3626689612865448,0.5442774891853333
66,0.2118792086839676,0.5034640431404114,0.5442774891853333
67,0.19614928464094797,0.5677562952041626,0.5677562952041626
68,0.19020498295625052,0.3620602786540985,0.5677562952041626
69,0.18362660706043243,0.3830188810825348,0.5677562952041626
70,0.171481062968572,0.5862213969230652,0.5862213969230652
71,0.1730439563592275,0.4716491997241974,0.5862213969230652
72,0.16380427281061807,0.559285581111908,0.5862213969230652
73,0.15774391094843546,0.4079342782497406,0.5862213969230652
74,0.1529956261316935,0.41892513632774353,0.5862213969230652
75,0.1428019106388092,0.4549156725406647,0.5862213969230652
76,0.13972273468971252,0.5713141560554504,0.5862213969230652
77,0.13312507917483649,0.5071374177932739,0.5862213969230652
78,0.13200916598240534,0.5250180959701538,0.5862213969230652
79,0.12670427560806274,0.4214332699775696,0.5862213969230652
80,0.12213480472564697,0.3516974151134491,0.5862213969230652
81,0.11393072207768758,0.4950803220272064,0.5862213969230652
82,0.11276561270157497,0.5428721904754639,0.5862213969230652
83,0.11383319646120071,0.4829562306404114,0.5862213969230652
84,0.10621030380328496,0.5009421706199646,0.5862213969230652
85,0.10374304403861363,0.4545084834098816,0.5862213969230652
86,0.10105027010043462,0.354746013879776,0.5862213969230652
87,0.09800332287947337,0.522003710269928,0.5862213969230652
88,0.09635662287473679,0.5531210899353027,0.5862213969230652
89,0.092856099208196,0.35761651396751404,0.5862213969230652
90,0.09033527225255966,0.47914037108421326,0.5862213969230652
91,0.08885692805051804,0.5640698075294495,0.5862213969230652
92,0.08645886927843094,0.5206549763679504,0.5862213969230652
93,0.08358058333396912,0.5423871874809265,0.5862213969230652
94,0.08046993613243103,0.47174620628356934,0.5862213969230652
95,0.08211056391398112,0.5306212306022644,0.5862213969230652
96,0.0764498660961787,0.4808507561683655,0.5862213969230652
97,0.07550469040870667,0.44953450560569763,0.5862213969230652
98,0.07338025669256847,0.540282130241394,0.5862213969230652
99,0.07400292158126831,0.5399343967437744,0.5862213969230652
100,0.06929011394580205,0.590341329574585,0.590341329574585
