1,5.105206648508708,0.0,0
2,4.4241641362508135,0.0,0
3,3.931861400604248,0.0,0
4,3.5279112656911216,0.0,0
5,3.2234222094217935,0.0,0
6,2.981839577356974,0.0,0
7,2.7578207651774087,0.0,0
8,2.577263355255127,0.0,0
9,2.4519519805908203,0.0,0
10,2.3344364960988364,0.05160670354962349,0.05160670354962349
11,2.241509437561035,0.07476568967103958,0.07476568967103958
12,2.1294952233632407,0.0,0.07476568967103958
13,2.0674420595169067,0.0,0.07476568967103958
14,1.9770785172780354,0.08229576796293259,0.08229576796293259
15,1.89431099096934,0.09671681374311447,0.09671681374311447
16,1.8448479175567627,0.10672542452812195,0.10672542452812195
17,1.7648690541585286,0.10271517187356949,0.10672542452812195
18,1.6915912230809529,0.06294027715921402,0.10672542452812195
19,1.6367825667063396,0.14317412674427032,0.14317412674427032
20,1.587807337443034,0.11058829724788666,0.14317412674427032
21,1.5196713209152222,0.09144283831119537,0.14317412674427032
22,1.4539477825164795,0.1584583967924118,0.1584583967924118
23,1.4064655701319377,0.11883104592561722,0.1584583967924118
24,1.3623675902684529,0.1442815512418747,0.1584583967924118
25,1.2956318060557048,0.1839171200990677,0.1839171200990677
26,1.2351560990015666,0.2467750608921051,0.2467750608921051
27,1.198923667271932,0.2290177047252655,0.2467750608921051
28,1.1602729956309001,0.27281054854393005,0.27281054854393005
29,1.1033018430074055,0.2527071535587311,0.27281054854393005
30,1.0558756192525227,0.2506878077983856,0.27281054854393005
31,1.0111501415570576,0.1434442698955536,0.27281054854393005
32,0.963870088259379,0.3429809808731079,0.3429809808731079
33,0.9296906987826029,0.23543114960193634,0.3429809808731079
34,0.8891754150390625,0.2208562046289444,0.3429809808731079
35,0.853385329246521,0.26212558150291443,0.3429809808731079
36,0.8092283407847086,0.2944149971008301,0.3429809808731079
37,0.7874754667282104,0.2643023431301117,0.3429809808731079
38,0.7462497552235922,0.540793776512146,0.540793776512146
39,0.7151945034662882,0.36121228337287903,0.540793776512146
40,0.6771716872851054,0.38148033618927,0.540793776512146
41,0.6491186420122782,0.37118905782699585,0.540793776512146
42,0.6242446303367615,0.3390905261039734,0.540793776512146
43,0.5904971758524576,0.4638975262641907,0.540793776512146
44,0.5600916643937429,0.43972048163414,0.540793776512146
45,0.5466998418172201,0.5563377737998962,0.5563377737998962
46,0.5140203436215719,0.47920024394989014,0.5563377737998962
47,0.48120230436325073,0.4965280294418335,0.5563377737998962
48,0.46095696091651917,0.46265748143196106,0.5563377737998962
49,0.4440906246503194,0.510600209236145,0.5563377737998962
50,0.42854635914166767,0.5624170899391174,0.5624170899391174
51,0.39592904845873517,0.464318186044693,0.5624170899391174
52,0.3867044548193614,0.5863317847251892,0.5863317847251892
53,0.3634631633758545,0.3881566822528839,0.5863317847251892
54,0.35066219170888263,0.512748658657074,0.5863317847251892
55,0.3381105264027913,0.5043259859085083,0.5863317847251892
56,0.31472741564114887,0.4794842600822449,0.5863317847251892
57,0.29868975281715393,0.4973176419734955,0.5863317847251892
58,0.29390522837638855,0.5153083205223083,0.5863317847251892
59,0.2734595636526744,0.6134945750236511,0.6134945750236511
60,0.26105789343516034,0.45891642570495605,0.6134945750236511
61,0.25399214029312134,0.5411416292190552,0.6134945750236511
62,0.2456610749165217,0.5529006123542786,0.6134945750236511
63,0.22862417995929718,0.446206659078598,0.6134945750236511
64,0.21995756526788077,0.48197948932647705,0.6134945750236511
65,0.2142982284228007,0.4717451333999634,0.6134945750236511
66,0.20817378660043082,0.6366612911224365,0.6366612911224365
67,0.20231548448403677,0.44972607493400574,0.6366612911224365
68,0.18845030665397644,0.5643486976623535,0.6366612911224365
69,0.1852812866369883,0.5246745347976685,0.6366612911224365
70,0.17525556683540344,0.5319599509239197,0.6366612911224365
71,0.1701068033774694,0.45921725034713745,0.6366612911224365
72,0.1680710812409719,0.5689511895179749,0.6366612911224365
73,0.1627889722585678,0.5247832536697388,0.6366612911224365
74,0.1549783299366633,0.4624471068382263,0.6366612911224365
75,0.15013211965560913,0.45941057801246643,0.6366612911224365
76,0.1453388879696528,0.607458233833313,0.6366612911224365
77,0.1402863139907519,0.5253978967666626,0.6366612911224365
78,0.13633214433987936,0.6388808488845825,0.6388808488845825
79,0.13292295237382254,0.49745914340019226,0.6388808488845825
80,0.1300646166006724,0.5226938724517822,0.6388808488845825
81,0.12635868539412817,0.5055442452430725,0.6388808488845825
82,0.11890413612127304,0.551790177822113,0.6388808488845825
83,0.11538781970739365,0.579983651638031,0.6388808488845825
84,0.11172099659840266,0.4926195442676544,0.6388808488845825
85,0.10782726854085922,0.5107688903808594,0.6388808488845825
86,0.10554959376653035,0.4480170011520386,0.6388808488845825
87,0.10237759351730347,0.4497024416923523,0.6388808488845825
88,0.10516623655954997,0.5758383870124817,0.6388808488845825
89,0.10117204238971074,0.5662552714347839,0.6388808488845825
90,0.09480520834525426,0.5534860491752625,0.6388808488845825
91,0.09477711468935013,0.4842413067817688,0.6388808488845825
92,0.09033226718505223,0.43979600071907043,0.6388808488845825
93,0.09076562027136485,0.5025267601013184,0.6388808488845825
94,0.08751164128383,0.5916765332221985,0.6388808488845825
95,0.0851752335826556,0.5813952088356018,0.6388808488845825
96,0.0799354041616122,0.5343958139419556,0.6388808488845825
97,0.0797151451309522,0.5830259323120117,0.6388808488845825
98,0.0763327752550443,0.5481379628181458,0.6388808488845825
99,0.07673436899979909,0.4711933135986328,0.6388808488845825
100,0.07572617630163829,0.5021793842315674,0.6388808488845825
