1,4.868844827016194,0.0,0
2,4.317641099294026,0.0,0
3,3.8450559775034585,0.0,0
4,3.4390512307484946,0.0,0
5,3.127396821975708,0.0,0
6,2.903892993927002,0.0,0
7,2.7253293991088867,0.0,0
8,2.562165896097819,0.03388892859220505,0.03388892859220505
9,2.4175140857696533,0.0,0.03388892859220505
10,2.3185563882191977,0.0,0.03388892859220505
11,2.220028201738993,0.0,0.03388892859220505
12,2.114744504292806,0.0,0.03388892859220505
13,2.0242886543273926,0.05363333225250244,0.05363333225250244
14,1.9491610924402873,0.04142748564481735,0.05363333225250244
15,1.858864665031433,0.0,0.05363333225250244
16,1.7888145049413045,0.0,0.05363333225250244
17,1.7197275161743164,0.0,0.05363333225250244
18,1.6652717590332031,0.09263622015714645,0.09263622015714645
19,1.5961697498957317,0.08265494555234909,0.09263622015714645
20,1.5337284008661907,0.09317540377378464,0.09317540377378464
21,1.4738712708155315,0.10252252221107483,0.10252252221107483
22,1.4034684896469116,0.08795284479856491,0.10252252221107483
23,1.370338241259257,0.1683860421180725,0.1683860421180725
24,1.3126331965128581,0.1857500523328781,0.1857500523328781
25,1.2617106437683105,0.0917121171951294,0.1857500523328781
26,1.2019729018211365,0.19363531470298767,0.19363531470298767
27,1.1617889006932576,0.178054079413414,0.19363531470298767
28,1.1251713037490845,0.17971500754356384,0.19363531470298767
29,1.0736273924509685,0.13232189416885376,0.19363531470298767
30,1.0133570830027263,0.14814771711826324,0.19363531470298767
31,0.9816269079844157,0.23563426733016968,0.23563426733016968
32,0.9536738991737366,0.20276056230068207,0.23563426733016968
33,0.9019400080045065,0.2465481162071228,0.2465481162071228
34,0.8581458330154419,0.2610311508178711,0.2610311508178711
35,0.8316337863604227,0.31125980615615845,0.31125980615615845
36,0.800109346707662,0.218488872051239,0.31125980615615845
37,0.7518868843714396,0.28509071469306946,0.31125980615615845
38,0.7139458258946737,0.32227104902267456,0.32227104902267456
39,0.6956228017807007,0.40870657563209534,0.40870657563209534
40,0.6527375181516012,0.36496540904045105,0.40870657563209534
41,0.615748922030131,0.3849993348121643,0.40870657563209534
42,0.585048258304596,0.32054442167282104,0.40870657563209534
43,0.5724841554959615,0.35688021779060364,0.40870657563209534
44,0.5318930645783743,0.4063839018344879,0.40870657563209534
45,0.5108183224995931,0.2980525493621826,0.40870657563209534
46,0.49790210525194806,0.3079252243041992,0.40870657563209534
47,0.4684743881225586,0.33818554878234863,0.40870657563209534
48,0.44177552064259845,0.3700113594532013,0.40870657563209534
49,0.4277006983757019,0.4115283191204071,0.4115283191204071
50,0.40177997946739197,0.453957736492157,0.453957736492157
51,0.37857041756312054,0.45321038365364075,0.453957736492157
52,0.36082982023557025,0.39634793996810913,0.453957736492157
53,0.34715546170870465,0.42380252480506897,0.453957736492157
54,0.3298925459384918,0.4413726031780243,0.453957736492157
55,0.3173658847808838,0.441559761762619,0.453957736492157
56,0.2971824010213216,0.5391958355903625,0.5391958355903625
57,0.2833395500977834,0.376853883266449,0.5391958355903625
58,0.27498655517896015,0.5161275267601013,0.5391958355903625
59,0.2592042088508606,0.4716112017631531,0.5391958355903625
60,0.250128095348676,0.4255075752735138,0.5391958355903625
61,0.24108069638411203,0.5387358665466309,0.5391958355903625
62,0.22466676930586496,0.4641764760017395,0.5391958355903625
63,0.224408949414889,0.44448065757751465,0.5391958355903625
64,0.20868989328543344,0.4265860617160797,0.5391958355903625
65,0.1969678650299708,0.5396605730056763,0.5396605730056763
66,0.19293476144472757,0.550929844379425,0.550929844379425
67,0.18658045927683511,0.5104306936264038,0.550929844379425
68,0.18202747404575348,0.584346354007721,0.584346354007721
69,0.17176837225755057,0.5530123710632324,0.584346354007721
70,0.1649759958187739,0.440080463886261,0.584346354007721
71,0.15742239356040955,0.42443326115608215,0.584346354007721
72,0.1542449245850245,0.40652182698249817,0.584346354007721
73,0.1504143923521042,0.46800488233566284,0.584346354007721
74,0.14385474224885306,0.5308085680007935,0.584346354007721
75,0.1410661687453588,0.5448978543281555,0.584346354007721
76,0.13242237021525702,0.5650412440299988,0.584346354007721
77,0.13122100134690604,0.4386976957321167,0.584346354007721
78,0.12728882332642874,0.4633846580982208,0.584346354007721
79,0.11942299952109654,0.5819116234779358,0.584346354007721
80,0.1196901227037112,0.5694710612297058,0.584346354007721
81,0.11192278563976288,0.493312805891037,0.584346354007721
82,0.10661728928486507,0.5020944476127625,0.584346354007721
83,0.10887417197227478,0.4743359386920929,0.584346354007721
84,0.10622892528772354,0.43461206555366516,0.584346354007721
85,0.10047359764575958,0.4822656810283661,0.584346354007721
86,0.09766911466916402,0.4143086373806,0.584346354007721
87,0.0970924620827039,0.36958664655685425,0.584346354007721
88,0.09587448338667552,0.5476415157318115,0.584346354007721
89,0.08893069624900818,0.48497822880744934,0.584346354007721
90,0.09020239611466725,0.5408092141151428,0.584346354007721
91,0.08471589535474777,0.4765319228172302,0.584346354007721
92,0.08603721857070923,0.4445136487483978,0.584346354007721
93,0.07935028026501338,0.41560450196266174,0.584346354007721
94,0.08055064330498378,0.4683806300163269,0.584346354007721
95,0.07789398233095805,0.48504385352134705,0.584346354007721
96,0.0762109359105428,0.5040078163146973,0.584346354007721
97,0.07427748789389928,0.44036704301834106,0.584346354007721
98,0.07282048215468724,0.5686467289924622,0.584346354007721
99,0.07048159341017406,0.5211237668991089,0.584346354007721
100,0.0698103979229927,0.45657116174697876,0.584346354007721
