1,5.109106381734212,0.0,0
2,4.389789740244548,0.0,0
3,3.851050933202108,0.0,0
4,3.444394826889038,0.0,0
5,3.160931348800659,0.0,0
6,2.9541402657826743,0.0,0
7,2.754963239034017,0.0,0
8,2.6119967301686606,0.0,0
9,2.48167618115743,0.0,0
10,2.365045706431071,0.0,0
11,2.257023731867472,0.0,0
12,2.176607131958008,0.06718913465738297,0.06718913465738297
13,2.082220474878947,0.09703966975212097,0.09703966975212097
14,2.017440756162008,0.0782800167798996,0.09703966975212097
15,1.9262320597966511,0.0,0.09703966975212097
16,1.8796322345733643,0.0,0.09703966975212097
17,1.8172662258148193,0.06926065683364868,0.09703966975212097
18,1.7311079502105713,0.0575321689248085,0.09703966975212097
19,1.675510327021281,0.06294095516204834,0.09703966975212097
20,1.6237681309382122,0.11211485415697098,0.11211485415697098
21,1.5746303796768188,0.12211057543754578,0.12211057543754578
22,1.509194811185201,0.15021651983261108,0.15021651983261108
23,1.4667764107386272,0.20486581325531006,0.20486581325531006
24,1.4073694944381714,0.1860363781452179,0.20486581325531006
25,1.3574604988098145,0.13410423696041107,0.20486581325531006
26,1.314508318901062,0.21978110074996948,0.21978110074996948
27,1.2666870752970378,0.20334593951702118,0.21978110074996948
28,1.211682915687561,0.27429431676864624,0.27429431676864624
29,1.1571706136067708,0.24085770547389984,0.27429431676864624
30,1.1275416215260823,0.23945647478103638,0.27429431676864624
31,1.0788791577021282,0.20617374777793884,0.27429431676864624
32,1.0286694765090942,0.19755154848098755,0.27429431676864624
33,0.9917147954305013,0.3021290600299835,0.3021290600299835
34,0.9498342474301656,0.31886011362075806,0.31886011362075806
35,0.8975159128506979,0.2384416162967682,0.31886011362075806
36,0.8652843435605367,0.33479341864585876,0.33479341864585876
37,0.8378570477167765,0.3346436619758606,0.33479341864585876
38,0.8001573085784912,0.23488646745681763,0.33479341864585876
39,0.7632319728533427,0.3423328101634979,0.3423328101634979
40,0.7369820872942606,0.28837382793426514,0.3423328101634979
41,0.7018680969874064,0.3199998736381531,0.3423328101634979
42,0.6630669633547465,0.26264896988868713,0.3423328101634979
43,0.6324400703112284,0.4413830637931824,0.4413830637931824
44,0.6194419264793396,0.45476004481315613,0.45476004481315613
45,0.584016760190328,0.4310367703437805,0.45476004481315613
46,0.555497000614802,0.39770764112472534,0.45476004481315613
47,0.5332595308621725,0.44015973806381226,0.45476004481315613
48,0.5119378765424093,0.3455478250980377,0.45476004481315613
49,0.4894090990225474,0.49462756514549255,0.49462756514549255
50,0.46924975514411926,0.5462648868560791,0.5462648868560791
51,0.4432157178719838,0.5596001148223877,0.5596001148223877
52,0.4236084818840027,0.47994521260261536,0.5596001148223877
53,0.39479390780131024,0.5445688366889954,0.5596001148223877
54,0.3840932051340739,0.5252985954284668,0.5596001148223877
55,0.3713115652402242,0.49691981077194214,0.5596001148223877
56,0.3473915159702301,0.5407499670982361,0.5596001148223877
57,0.3299022416273753,0.4840710163116455,0.5596001148223877
58,0.3159078558286031,0.47528982162475586,0.5596001148223877
59,0.30296732981999713,0.408563494682312,0.5596001148223877
60,0.28124680121739704,0.41205906867980957,0.5596001148223877
61,0.2783324619134267,0.49904701113700867,0.5596001148223877
62,0.2643510599931081,0.5401950478553772,0.5596001148223877
63,0.2510325660308202,0.403855562210083,0.5596001148223877
64,0.2394288827975591,0.5792450308799744,0.5792450308799744
65,0.2354850967725118,0.4127767086029053,0.5792450308799744
66,0.22234698633352915,0.548517644405365,0.5792450308799744
67,0.20958344141642252,0.5276208519935608,0.5792450308799744
68,0.20264455179373422,0.3812795877456665,0.5792450308799744
69,0.19644962747891745,0.49084800481796265,0.5792450308799744
70,0.19049295286337534,0.5519872307777405,0.5792450308799744
71,0.182939941684405,0.4810090959072113,0.5792450308799744
72,0.1775500476360321,0.5467657446861267,0.5792450308799744
73,0.1680728793144226,0.4222782552242279,0.5792450308799744
74,0.162691796819369,0.5738755464553833,0.5792450308799744
75,0.15597482522328696,0.4659237265586853,0.5792450308799744
76,0.15056508779525757,0.5166531205177307,0.5792450308799744
77,0.1480137755473455,0.5177995562553406,0.5792450308799744
78,0.14113413294156393,0.554578959941864,0.5792450308799744
79,0.13833474119504294,0.5899038910865784,0.5899038910865784
80,0.13240317503611246,0.5133570432662964,0.5899038910865784
81,0.1281844601035118,0.5839251279830933,0.5899038910865784
82,0.12580008804798126,0.5047909021377563,0.5899038910865784
83,0.1207028180360794,0.5662402510643005,0.5899038910865784
84,0.1197781041264534,0.4722650349140167,0.5899038910865784
85,0.11267488946517308,0.5097637176513672,0.5899038910865784
86,0.1111971785624822,0.46180081367492676,0.5899038910865784
87,0.10411608467499416,0.5491831302642822,0.5899038910865784
88,0.10361887017885844,0.5489022135734558,0.5899038910865784
89,0.0979600449403127,0.5902203321456909,0.5902203321456909
90,0.09729051093260448,0.5944808125495911,0.5944808125495911
91,0.09407323847214381,0.41359254717826843,0.5944808125495911
92,0.0921019787589709,0.6593980193138123,0.6593980193138123
93,0.09108222275972366,0.5073223114013672,0.6593980193138123
94,0.08624906837940216,0.5174757242202759,0.6593980193138123
95,0.08552439759174983,0.6589456796646118,0.6593980193138123
96,0.08244582017262776,0.6529930233955383,0.6593980193138123
97,0.08104850351810455,0.44610926508903503,0.6593980193138123
98,0.07534907509883244,0.42959678173065186,0.6593980193138123
99,0.0783500870068868,0.5025612115859985,0.6593980193138123
100,0.07660409311453502,0.44608521461486816,0.6593980193138123
