1,5.089893658955892,0.0,0
2,4.4198222160339355,0.0,0
3,3.8985586961110434,0.0,0
4,3.522548039754232,0.0,0
5,3.2100988229115806,0.0,0
6,3.0014962355295816,0.05294211208820343,0.05294211208820343
7,2.799284299214681,0.0,0.05294211208820343
8,2.618281443913778,0.07662876796475515,0.07662876796475515
9,2.4619673093159995,0.0,0.07662876796475515
10,2.325689951578776,0.0,0.07662876796475515
11,2.2301158905029297,0.190559151559308,0.190559151559308
12,2.12640913327535,0.07897607266420031,0.190559151559308
13,2.0365145206451416,0.1454354693162504,0.190559151559308
14,1.951776425043742,0.17439957788455965,0.190559151559308
15,1.8787377278010051,0.0,0.190559151559308
16,1.7934999068578084,0.1226784131238304,0.190559151559308
17,1.721941590309143,0.13035977217761358,0.190559151559308
18,1.6507937510808308,0.17640257464795261,0.190559151559308
19,1.5963199536005657,0.21508162630501676,0.21508162630501676
20,1.5545990069707234,0.2666715383529663,0.2666715383529663
21,1.4942208528518677,0.14280223287151372,0.2666715383529663
22,1.4353300333023071,0.27231815457344055,0.27231815457344055
23,1.3981707493464153,0.28701976839016924,0.28701976839016924
24,1.3224417765935261,0.20759183168411255,0.28701976839016924
25,1.2793363332748413,0.1079414039850235,0.28701976839016924
26,1.2463260889053345,0.2254614382982254,0.28701976839016924
27,1.179358959197998,0.23607371747493744,0.28701976839016924
28,1.141374905904134,0.22238343954086304,0.28701976839016924
29,1.084343671798706,0.2270943522453308,0.28701976839016924
30,1.03572279214859,0.38927730917930603,0.38927730917930603
31,1.007474144299825,0.358675479888916,0.38927730917930603
32,0.9644596179326376,0.3168260455131531,0.38927730917930603
33,0.9359042048454285,0.2716645896434784,0.38927730917930603
34,0.8792573014895121,0.388974130153656,0.38927730917930603
35,0.8489247957865397,0.3753214180469513,0.38927730917930603
36,0.8240263859430949,0.4856225848197937,0.4856225848197937
37,0.77704256772995,0.31359606981277466,0.4856225848197937
38,0.7459911505381266,0.3863264322280884,0.4856225848197937
39,0.7071070075035095,0.329618901014328,0.4856225848197937
40,0.6705777843793234,0.48494815826416016,0.4856225848197937
41,0.6485894521077474,0.30282077193260193,0.4856225848197937
42,0.6265227794647217,0.45132380723953247,0.4856225848197937
43,0.5947988828023275,0.4135637581348419,0.4856225848197937
44,0.5606192946434021,0.4078056514263153,0.4856225848197937
45,0.5411821603775024,0.38293981552124023,0.4856225848197937
46,0.5124293168385824,0.4527928829193115,0.4856225848197937
47,0.4850337306658427,0.39655232429504395,0.4856225848197937
48,0.46165477236111957,0.5053672194480896,0.5053672194480896
49,0.44488786657651264,0.5234614610671997,0.5234614610671997
50,0.42141008377075195,0.6249304413795471,0.6249304413795471
51,0.4033012092113495,0.4857756793498993,0.6249304413795471
52,0.38697919249534607,0.484001100063324,0.6249304413795471
53,0.3683206836382548,0.5855929255485535,0.6249304413795471
54,0.3523496091365814,0.5097638368606567,0.6249304413795471
55,0.3354428211847941,0.6095433831214905,0.6249304413795471
56,0.32830044627189636,0.48550698161125183,0.6249304413795471
57,0.3010147313276927,0.5881841778755188,0.6249304413795471
58,0.29910757144292194,0.6291679739952087,0.6291679739952087
59,0.27696559329827625,0.564986526966095,0.6291679739952087
60,0.26669732729593915,0.5374942421913147,0.6291679739952087
61,0.254009207089742,0.5012481808662415,0.6291679739952087
62,0.24414816002051035,0.6563795804977417,0.6563795804977417
63,0.23885106046994528,0.6669989824295044,0.6669989824295044
64,0.23222475250562033,0.5953134894371033,0.6669989824295044
65,0.21800278623898825,0.6422368288040161,0.6669989824295044
66,0.20887254178524017,0.6347872614860535,0.6669989824295044
67,0.1928601861000061,0.5400827527046204,0.6669989824295044
68,0.19584511717160544,0.5538703799247742,0.6669989824295044
69,0.18013004461924234,0.6018825769424438,0.6669989824295044
70,0.1794575055440267,0.6250906586647034,0.6669989824295044
71,0.1714152693748474,0.648971676826477,0.6669989824295044
72,0.16589569052060446,0.5685930848121643,0.6669989824295044
73,0.16144407788912454,0.54936283826828,0.6669989824295044
74,0.15498455862204233,0.5932417511940002,0.6669989824295044
75,0.14713466664155325,0.6441698670387268,0.6669989824295044
76,0.1445120871067047,0.6775034070014954,0.6775034070014954
77,0.14068692674239477,0.632353663444519,0.6775034070014954
78,0.13179524491230646,0.4377845525741577,0.6775034070014954
79,0.1288433944185575,0.6043803691864014,0.6775034070014954
80,0.13077857345342636,0.6571117043495178,0.6775034070014954
81,0.12752486020326614,0.6596649885177612,0.6775034070014954
82,0.11330329875151317,0.6086538434028625,0.6775034070014954
83,0.11760134994983673,0.5168278813362122,0.6775034070014954
84,0.11232244968414307,0.5744825601577759,0.6775034070014954
85,0.1088579719265302,0.5964552164077759,0.6775034070014954
86,0.10398057599862416,0.574447512626648,0.6775034070014954
87,0.10405121992031734,0.5787836313247681,0.6775034070014954
88,0.09942543258269627,0.6069345474243164,0.6775034070014954
89,0.09767851481835048,0.5066893696784973,0.6775034070014954
90,0.0997041364510854,0.6591977477073669,0.6775034070014954
91,0.09448864807685216,0.6375088095664978,0.6775034070014954
92,0.08834311117728551,0.6649835109710693,0.6775034070014954
93,0.0873201737801234,0.5920335054397583,0.6775034070014954
94,0.08757784217596054,0.5594088435173035,0.6775034070014954
95,0.08149597297112147,0.5959805250167847,0.6775034070014954
96,0.08383654803037643,0.5862512588500977,0.6775034070014954
97,0.08117788036664327,0.60014808177948,0.6775034070014954
98,0.0747828483581543,0.5672627687454224,0.6775034070014954
99,0.07522050539652507,0.6168367266654968,0.6775034070014954
100,0.0734256977836291,0.6638015508651733,0.6775034070014954
