Rounds,Learning Rate,Client Fraction,Client Number,Local Epochs,Batch Size,Hidden Size,Weighting,Lexical Weighting
200,0.001,1.0,3,1,32,128,False,False
1,2.925910965425371,0.010990042818962452,0.010990042818962452,0.010461786948338943,0.010461786948338943,"[0.032970128456887356, 0.0, 0.0]","[0.03138536084501683, 0.0, 0.0]"
2,2.4788278722599433,0.0213325892885526,0.0213325892885526,0.022975381489283866,0.022975381489283866,"[0.0639977678656578, 0.0, 0.0]","[0.0689261444678516, 0.0, 0.0]"
3,2.3010775896597484,0.028875514244039852,0.028875514244039852,0.03601970927168926,0.03601970927168926,"[0.07656380534172058, 0.0, 0.01006273739039898]","[0.09632771462202072, 0.0, 0.011731413193047047]"
4,2.1766672075431974,0.03687434457242489,0.03687434457242489,0.04214989105284964,0.04214989105284964,"[0.09210347384214401, 0.0, 0.018519559875130653]","[0.10649825325372086, 0.0, 0.01995141990482807]"
5,2.079641148221327,0.0420869896544638,0.0420869896544638,0.042738813596467175,0.042738813596467175,"[0.09669919415820323, 0.010257508605718613, 0.019304266199469566]","[0.10380692780017853, 0.009727018885314465, 0.014682494103908539]"
6,1.9999733979844223,0.044923641530521106,0.044923641530521106,0.03906110780548002,0.042738813596467175,"[0.10419583729758079, 0.01261289045214653, 0.017962196841835976]","[0.09114065433624226, 0.010937899351119995, 0.015104769729077816]"
7,1.9312137368204152,0.05800414189531839,0.05800414189531839,0.043638796269310685,0.043638796269310685,"[0.11271138801677336, 0.017312146723270416, 0.04398889094591141]","[0.10514328080240837, 0.0, 0.02577310800552368]"
8,1.8712997741262025,0.06156902620303171,0.06156902620303171,0.05343624177771228,0.05343624177771228,"[0.11357322287879996, 0.029077883809804916, 0.042055971920490265]","[0.11520695792726925, 0.018377603963017464, 0.026724163442850113]"
9,1.8174219462916128,0.06814063254224687,0.06814063254224687,0.05393614096655199,0.05393614096655199,"[0.14270667845688548, 0.025628186762332916, 0.0360870324075222]","[0.11963264378052203, 0.017511816695332527, 0.024663962423801422]"
10,1.770207187740884,0.06200739074145733,0.06814063254224687,0.055956201940381055,0.055956201940381055,"[0.11311363476201827, 0.02890641801059246, 0.044002119451761246]","[0.12557020690919019, 0.0, 0.04229839891195297]"
11,1.7268755157608255,0.07402475028336215,0.07402475028336215,0.05831633893220711,0.05831633893220711,"[0.1514443635672381, 0.02340260148048401, 0.04722728580236435]","[0.12114839107004072, 0.02234201692044735, 0.03145860880613327]"
12,1.6880790287038783,0.06831127780280562,0.07402475028336215,0.053734113384126446,0.05831633893220711,"[0.1253128350556508, 0.04972014203667641, 0.02990085631608963]","[0.11220039310705308, 0.012928884476423264, 0.03607306256890297]"
13,1.652673211098027,0.07066783625038082,0.07402475028336215,0.04232997833664004,0.05831633893220711,"[0.12501377442930983, 0.03198843449354172, 0.05500129982829094]","[0.08902170178219034, 0.015705890953540802, 0.022262342274188995]"
14,1.6201331216276829,0.08528045423812351,0.08528045423812351,0.0592260091973964,0.0592260091973964,"[0.14851429635246638, 0.043487466871738434, 0.06383959949016571]","[0.1303664040114354, 0.01201349962502718, 0.035298123955726624]"
15,1.5907718072242016,0.07783487098001944,0.08528045423812351,0.05674275586899304,0.0592260091973964,"[0.14338613768170796, 0.02685943990945816, 0.06325903534889221]","[0.1174019226400907, 0.014641322195529938, 0.03818502277135849]"
