Rounds,Learning Rate,Client Fraction,Client Number,Local Epochs,Batch Size,Hidden Size
200,0.001,1.0,3,1,32,128
1,3.5343193580265893,0.0,0
2,3.2593650564554415,0.0,0
3,3.0801605922155555,0.0,0
4,2.9475064899566976,0.0,0
5,2.845585380354555,0.0,0
6,2.7687329641814746,0.0,0
7,2.708996853570921,0.0235702246427536,0.0235702246427536
8,2.6560108437132164,0.042498732606569924,0.042498732606569924
9,2.6072421579007012,0.0,0.042498732606569924
10,2.5696754060603033,0.0329110249876976,0.042498732606569924
11,2.536119653862138,0.02390400320291519,0.042498732606569924
12,2.5046877455128373,0.0,0.042498732606569924
13,2.476075791665324,0.0,0.042498732606569924
14,2.4499482920555695,0.0,0.042498732606569924
15,2.4251572181820866,0.0,0.042498732606569924
16,2.402579623052921,0.033886181811491646,0.042498732606569924
17,2.3806453580758626,0.0,0.042498732606569924
18,2.363718826202186,0.038235957423845925,0.042498732606569924
19,2.3454872370424606,0.0,0.042498732606569924
20,2.333781453200609,0.0,0.042498732606569924
21,2.3185894890360523,0.0,0.042498732606569924
22,2.308416238589983,0.0,0.042498732606569924
23,2.2938218406725426,0.0,0.042498732606569924
24,2.2836154144826084,0.03154247005780538,0.042498732606569924
25,2.2727677492555656,0.0,0.042498732606569924
26,2.262545799334792,0.022599083681901295,0.042498732606569924
27,2.253545392507125,0.0,0.042498732606569924
28,2.2480447480968198,0.0,0.042498732606569924
29,2.237955917999623,0.0,0.042498732606569924
30,2.2245978797514616,0.0,0.042498732606569924
31,2.2189260991487694,0.0,0.042498732606569924
32,2.210610821403407,0.0,0.042498732606569924
33,2.2044938520939374,0.0,0.042498732606569924
34,2.196777347500906,0.0,0.042498732606569924
35,2.189837167732384,0.0,0.042498732606569924
36,2.183618145946717,0.0,0.042498732606569924
37,2.1776517150455663,0.0,0.042498732606569924
38,2.1705151494853943,0.06666383023063342,0.06666383023063342
39,2.1679075299615023,0.022574829558531444,0.06666383023063342
40,2.1597897994998068,0.0,0.06666383023063342
41,2.1528430090111255,0.0,0.06666383023063342
42,2.1465711380114194,0.0,0.06666383023063342
43,2.141665674271944,0.023708947002887726,0.06666383023063342
44,2.135685927535123,0.027235751350720722,0.06666383023063342
45,2.131875363457586,0.051955774426460266,0.06666383023063342
46,2.124362869694892,0.0,0.06666383023063342
47,2.1188470010986307,0.01848466197649638,0.06666383023063342
48,2.1124611911288915,0.0,0.06666383023063342
49,2.1085001862099797,0.017754505077997845,0.06666383023063342
50,2.103884977240714,0.0,0.06666383023063342
51,2.096019529123105,0.0,0.06666383023063342
52,2.09116527058749,0.0,0.06666383023063342
53,2.0859192506795714,0.0,0.06666383023063342
54,2.079724080157018,0.05023999512195587,0.06666383023063342
55,2.074015343987766,0.0,0.06666383023063342
56,2.072301607969463,0.01927415778239568,0.06666383023063342
57,2.0626468071832416,0.0,0.06666383023063342
58,2.0591959977668783,0.020186909784873325,0.06666383023063342
59,2.0521392745050044,0.04102211197217306,0.06666383023063342
60,2.0490229404460742,0.0,0.06666383023063342
61,2.045467754563916,0.02013967310388883,0.06666383023063342
62,2.0424452974899014,0.0,0.06666383023063342
63,2.035444257095571,0.0,0.06666383023063342
64,2.0324603556567866,0.07806707918643951,0.07806707918643951
65,2.025227205976916,0.0,0.07806707918643951
66,2.0205519917058576,0.025736210246880848,0.07806707918643951
67,2.0129941632967103,0.029925383627414703,0.07806707918643951
68,2.010832825632039,0.0,0.07806707918643951
69,2.0039115176712365,0.0,0.07806707918643951
70,2.001539055410801,0.0,0.07806707918643951
71,1.9935305606637002,0.0,0.07806707918643951
72,1.9901794176449623,0.026850350201129913,0.07806707918643951
73,1.9841811089128794,0.0,0.07806707918643951
74,1.980114440274347,0.058676535884539284,0.07806707918643951
75,1.9749047598649838,0.031174051264921825,0.07806707918643951
76,1.9704535710373596,0.0,0.07806707918643951
77,1.9685299121187283,0.04620725909868876,0.07806707918643951
78,1.960932655874979,0.0,0.07806707918643951
79,1.957231520617673,0.0,0.07806707918643951
80,1.9549539455958607,0.0,0.07806707918643951
81,1.9495126509584007,0.0,0.07806707918643951
82,1.9443175292008512,0.0,0.07806707918643951
83,1.9403519816723558,0.022902444005012512,0.07806707918643951
84,1.9355612210571593,0.0,0.07806707918643951
85,1.9318799538823128,0.0,0.07806707918643951
86,1.9270996017229656,0.0,0.07806707918643951
87,1.9247307040632655,0.0,0.07806707918643951
88,1.9195932958395723,0.0,0.07806707918643951
89,1.9142310140724914,0.0,0.07806707918643951
90,1.9096520854329688,0.0,0.07806707918643951
91,1.9045782624559504,0.026989251375198364,0.07806707918643951
92,1.9018435237427955,0.03033842146396637,0.07806707918643951
93,1.8935222130216036,0.0,0.07806707918643951
94,1.8934847319179926,0.0,0.07806707918643951
95,1.890354837147866,0.019330352544784546,0.07806707918643951
96,1.8843302993562305,0.0,0.07806707918643951
97,1.8805863813038293,0.0387872631351153,0.07806707918643951
98,1.8768856257181035,0.0,0.07806707918643951
99,1.8744359022296517,0.0,0.07806707918643951
100,1.868972747060589,0.03560920308033625,0.07806707918643951
101,1.8641402919991181,0.019609980285167694,0.07806707918643951
102,1.863971478968484,0.0,0.07806707918643951
103,1.8592303343425434,0.0,0.07806707918643951
104,1.8556421605625903,0.02814045548439026,0.07806707918643951
105,1.8499414654322044,0.03398802628119787,0.07806707918643951
106,1.8450740946825508,0.0,0.07806707918643951
107,1.8400432134915576,0.025578754643599193,0.07806707918643951
108,1.838936270498183,0.0,0.07806707918643951
109,1.8353262174606046,0.054219216108322144,0.07806707918643951
110,1.8288354736497012,0.0,0.07806707918643951
111,1.8243118653092718,0.03220165024201075,0.07806707918643951
112,1.8216532992590722,0.0,0.07806707918643951
113,1.819438766118802,0.0,0.07806707918643951
114,1.8165103569034136,0.04890567064285278,0.07806707918643951
115,1.8149950519312121,0.0,0.07806707918643951
116,1.808715623821211,0.0,0.07806707918643951
117,1.8063913756108754,0.0,0.07806707918643951
118,1.8021347683354578,0.03221061825752258,0.07806707918643951
119,1.7957058770962178,0.0,0.07806707918643951
120,1.7945260694924408,0.0,0.07806707918643951
121,1.7947698563280223,0.0,0.07806707918643951
122,1.7877613896488806,0.0,0.07806707918643951
123,1.7849426317993526,0.0,0.07806707918643951
124,1.7829825592985842,0.019729842742284138,0.07806707918643951
125,1.7819070594723605,0.0,0.07806707918643951
126,1.7769934287067597,0.0,0.07806707918643951
127,1.776693199617317,0.017676830291748047,0.07806707918643951
128,1.7696058483539818,0.07686373695624804,0.07806707918643951
129,1.766530538720301,0.06971722096204758,0.07806707918643951
130,1.7619419187461054,0.03609835755046124,0.07806707918643951
131,1.7599077783063846,0.0,0.07806707918643951
132,1.758174100782001,0.0,0.07806707918643951
133,1.7515756416556651,0.05564827471971512,0.07806707918643951
134,1.7497760977997705,0.0,0.07806707918643951
135,1.7466542837647996,0.0,0.07806707918643951
136,1.7454642778291187,0.025093992551167805,0.07806707918643951
137,1.741480437816571,0.0,0.07806707918643951
138,1.7390160498835041,0.0,0.07806707918643951
139,1.7412202683304934,0.07404681543509166,0.07806707918643951
140,1.7361678015451274,0.023528407017389934,0.07806707918643951
141,1.7326260593913705,0.10145930449167888,0.10145930449167888
142,1.7278242424328287,0.054385289549827576,0.10145930449167888
143,1.7256090436171216,0.0,0.10145930449167888
144,1.7217485951101985,0.037399642169475555,0.10145930449167888
145,1.7217603697070423,0.0,0.10145930449167888
146,1.7185924350649913,0.0,0.10145930449167888
147,1.7169324944489581,0.02069391931096713,0.10145930449167888
148,1.7131343229435083,0.0,0.10145930449167888
149,1.7102733196294952,0.0,0.10145930449167888
150,1.7083183572702658,0.0,0.10145930449167888
151,1.7068731753314683,0.018800251185894012,0.10145930449167888
152,1.704054917105383,0.0,0.10145930449167888
153,1.6989743410463765,0.0611618310213089,0.10145930449167888
154,1.7005905950136573,0.0,0.10145930449167888
155,1.6983926076588975,0.0,0.10145930449167888
156,1.6957348333600049,0.03583676999221882,0.10145930449167888
157,1.690987705077619,0.0,0.10145930449167888
158,1.6896988120464238,0.025903108219305675,0.10145930449167888
159,1.6881832347473207,0.07516099140048027,0.10145930449167888
160,1.6848272626338219,0.0,0.10145930449167888
161,1.681672426144286,0.020824097096920013,0.10145930449167888
162,1.6812658804416454,0.022554680705070496,0.10145930449167888
163,1.6795034131994246,0.06938006977240245,0.10145930449167888
164,1.676731697982223,0.0371276662335736,0.10145930449167888
165,1.6740510673212332,0.019232500344514847,0.10145930449167888
166,1.6725817624148878,0.0,0.10145930449167888
167,1.6697123064022374,0.07295737415552139,0.10145930449167888
168,1.6683484273116944,0.019271271924177807,0.10145930449167888
169,1.6641532313037102,0.0,0.10145930449167888
170,1.662952220291099,0.0,0.10145930449167888
171,1.659802405080434,0.02809061606725057,0.10145930449167888
172,1.6585456819407842,0.027914755046367645,0.10145930449167888
173,1.6545860757267719,0.03016340732574463,0.10145930449167888
174,1.6531435519669158,0.0,0.10145930449167888
175,1.6520781461364349,0.0,0.10145930449167888
176,1.6501429154425817,0.0,0.10145930449167888
177,1.6474969641357624,0.0,0.10145930449167888
178,1.6456965170413531,0.0,0.10145930449167888
179,1.6426322068335828,0.0,0.10145930449167888
180,1.6430048868170217,0.024987223247687023,0.10145930449167888
181,1.6387725528161674,0.01666936029990514,0.10145930449167888
182,1.6359549217408216,0.022180738548437755,0.10145930449167888
183,1.6367946922763459,0.04503437876701355,0.10145930449167888
184,1.6301967721025956,0.02714688579241435,0.10145930449167888
185,1.631230357308387,0.028879056374231975,0.10145930449167888
186,1.6287341771573443,0.0,0.10145930449167888
187,1.6273122792322072,0.0,0.10145930449167888
188,1.625568332982849,0.02828329502632394,0.10145930449167888
189,1.619707126178686,0.0,0.10145930449167888
190,1.6193912301553448,0.0,0.10145930449167888
191,1.6196605331353087,0.025904441873232525,0.10145930449167888
192,1.6192138436125096,0.027734537919362385,0.10145930449167888
193,1.6161164076320145,0.0,0.10145930449167888
194,1.6120452605879778,0.035594746470451355,0.10145930449167888
195,1.6114407975175864,0.0596966544787089,0.10145930449167888
196,1.6093876665157918,0.0,0.10145930449167888
197,1.6061171036597781,0.0,0.10145930449167888
198,1.6054192076735128,0.02530256410439809,0.10145930449167888
199,1.603979549542528,0.0,0.10145930449167888
200,1.6049378102407965,0.029289258023103077,0.10145930449167888
