1,7.622673511505127,0.0,0
2,7.169045448303223,0.0,0
3,6.798496723175049,0.0,0
4,6.43815803527832,0.0,0
5,6.124551296234131,0.0,0
6,5.816007137298584,0.0,0
7,5.580536365509033,0.0,0
8,5.328577995300293,0.0,0
9,5.078302383422852,0.0,0
10,4.774487495422363,0.0,0
11,4.5984578132629395,0.0,0
12,4.365310192108154,0.0,0
13,4.1794962882995605,0.0,0
14,3.9714434146881104,0.0,0
15,3.786067008972168,0.0,0
16,3.6273391246795654,0.0,0
17,3.4439890384674072,0.0,0
18,3.2695257663726807,0.0,0
19,3.113044500350952,0.0,0
20,2.9613218307495117,0.0,0
21,2.8149712085723877,0.0,0
22,2.7135956287384033,0.0,0
23,2.5969629287719727,0.0,0
24,2.4787323474884033,0.0,0
25,2.391502857208252,0.0,0
26,2.278826951980591,0.0,0
27,2.1824452877044678,0.0,0
28,2.1069514751434326,0.0,0
29,2.001023769378662,0.0,0
30,1.9557182788848877,0.0,0
31,1.8670005798339844,0.0,0
32,1.7958074808120728,0.0,0
33,1.7300517559051514,0.0,0
34,1.662969708442688,0.0,0
35,1.622340440750122,0.0,0
36,1.5475159883499146,0.0,0
37,1.495113492012024,0.0,0
38,1.4224392175674438,0.0,0
39,1.3767824172973633,0.0,0
40,1.3359817266464233,0.0,0
41,1.2864619493484497,0.0,0
42,1.240268349647522,0.0,0
43,1.2203457355499268,0.0,0
44,1.173850178718567,0.0,0
45,1.1272881031036377,0.0,0
46,1.088997483253479,0.0,0
47,1.0568746328353882,0.0,0
48,1.0133678913116455,0.0,0
49,0.9890622496604919,0.0,0
50,0.9456794857978821,0.0,0
51,0.9325687885284424,0.0,0
52,0.8968997001647949,0.0,0
53,0.8696977496147156,0.0,0
54,0.838452160358429,0.0,0
55,0.8219490051269531,0.0,0
56,0.7828441858291626,0.0,0
57,0.7643137574195862,0.0,0
58,0.7417856454849243,0.0,0
59,0.7098041772842407,0.0,0
60,0.6944568157196045,0.0,0
61,0.6654335856437683,0.04968696087598801,0.04968696087598801
62,0.6503011584281921,0.0,0.04968696087598801
63,0.6279945969581604,0.0,0.04968696087598801
64,0.6144464612007141,0.0,0.04968696087598801
65,0.5932458639144897,0.0,0.04968696087598801
66,0.578499972820282,0.047308359295129776,0.04968696087598801
67,0.5593782067298889,0.0,0.04968696087598801
68,0.543121337890625,0.0,0.04968696087598801
69,0.5295711755752563,0.0,0.04968696087598801
70,0.5066548585891724,0.0,0.04968696087598801
71,0.49991974234580994,0.0,0.04968696087598801
72,0.48484429717063904,0.0,0.04968696087598801
73,0.46858423948287964,0.0,0.04968696087598801
74,0.4631232023239136,0.05154458060860634,0.05154458060860634
75,0.43821337819099426,0.0,0.05154458060860634
76,0.43853816390037537,0.0,0.05154458060860634
77,0.4200368821620941,0.0,0.05154458060860634
78,0.4083910286426544,0.0,0.05154458060860634
79,0.39497339725494385,0.0,0.05154458060860634
80,0.3819238245487213,0.0,0.05154458060860634
81,0.3758925199508667,0.04109206423163414,0.05154458060860634
82,0.3625222444534302,0.0,0.05154458060860634
83,0.34886062145233154,0.0,0.05154458060860634
84,0.33450832962989807,0.0,0.05154458060860634
85,0.3372631371021271,0.0,0.05154458060860634
86,0.3187698423862457,0.0,0.05154458060860634
87,0.3241692781448364,0.0,0.05154458060860634
88,0.30621594190597534,0.0,0.05154458060860634
89,0.3012562096118927,0.03775393217802048,0.05154458060860634
90,0.289946049451828,0.0,0.05154458060860634
91,0.28483110666275024,0.0,0.05154458060860634
92,0.27915775775909424,0.0,0.05154458060860634
93,0.2686935365200043,0.0,0.05154458060860634
94,0.2608919143676758,0.0,0.05154458060860634
95,0.250980019569397,0.0,0.05154458060860634
96,0.2481226921081543,0.08017679303884506,0.08017679303884506
97,0.24179533123970032,0.0,0.08017679303884506
98,0.24170178174972534,0.0,0.08017679303884506
99,0.23525626957416534,0.0,0.08017679303884506
100,0.2276715636253357,0.0,0.08017679303884506
