1,5.2296671867370605,0.0,0
2,4.99617862701416,0.0,0
3,4.716303825378418,0.0,0
4,4.38889217376709,0.0,0
5,4.044119834899902,0.0,0
6,3.9177088737487793,0.0,0
7,3.6745076179504395,0.0,0
8,3.410177230834961,0.0,0
9,3.2307019233703613,0.0,0
10,3.03296160697937,0.0,0
11,2.8725953102111816,0.0,0
12,2.7842648029327393,0.0,0
13,2.597254753112793,0.0,0
14,2.311116933822632,0.0,0
15,2.2434072494506836,0.0,0
16,2.1346447467803955,0.05843481048941612,0.05843481048941612
17,1.9778549671173096,0.07889308780431747,0.07889308780431747
18,1.8937098979949951,0.02791588567197323,0.07889308780431747
19,1.7073421478271484,0.0,0.07889308780431747
20,1.6009153127670288,0.04216167703270912,0.07889308780431747
21,1.4479643106460571,0.0,0.07889308780431747
22,1.353327751159668,0.0,0.07889308780431747
23,1.272340178489685,0.0261510219424963,0.07889308780431747
24,1.25983726978302,0.0,0.07889308780431747
25,1.1550228595733643,0.0,0.07889308780431747
26,1.082572102546692,0.0,0.07889308780431747
27,1.0023143291473389,0.10374769568443298,0.10374769568443298
28,0.9401853680610657,0.0,0.10374769568443298
29,0.8750944137573242,0.0,0.10374769568443298
30,0.7716784477233887,0.09338666498661041,0.10374769568443298
31,0.7460730075836182,0.0,0.10374769568443298
32,0.7213926315307617,0.0,0.10374769568443298
33,0.6386057138442993,0.04677610844373703,0.10374769568443298
34,0.6194077730178833,0.05009782314300537,0.10374769568443298
35,0.5624055862426758,0.0,0.10374769568443298
36,0.5868129730224609,0.0,0.10374769568443298
37,0.5163379907608032,0.0,0.10374769568443298
38,0.4797857403755188,0.05376877635717392,0.10374769568443298
39,0.46785569190979004,0.03945067152380943,0.10374769568443298
40,0.42515960335731506,0.0,0.10374769568443298
41,0.3834780156612396,0.0,0.10374769568443298
42,0.3890230059623718,0.11329474300146103,0.11329474300146103
43,0.3647749722003937,0.043945617973804474,0.11329474300146103
44,0.3322491943836212,0.0,0.11329474300146103
45,0.3133801221847534,0.0,0.11329474300146103
46,0.30280178785324097,0.0,0.11329474300146103
47,0.28481215238571167,0.0,0.11329474300146103
48,0.25244781374931335,0.0,0.11329474300146103
49,0.2574785351753235,0.0,0.11329474300146103
50,0.2483716905117035,0.04072098806500435,0.11329474300146103
51,0.2327391356229782,0.12312985211610794,0.12312985211610794
52,0.2197524756193161,0.0,0.12312985211610794
53,0.2155047208070755,0.08208665996789932,0.12312985211610794
54,0.20259949564933777,0.08771815150976181,0.12312985211610794
55,0.21138644218444824,0.0,0.12312985211610794
56,0.19444651901721954,0.1046544760465622,0.12312985211610794
57,0.19176645576953888,0.07475546002388,0.12312985211610794
58,0.17968016862869263,0.08254503458738327,0.12312985211610794
59,0.1804649531841278,0.0,0.12312985211610794
60,0.16370899975299835,0.0,0.12312985211610794
61,0.16646414995193481,0.0,0.12312985211610794
62,0.1571855992078781,0.0,0.12312985211610794
63,0.15138724446296692,0.0,0.12312985211610794
64,0.15064479410648346,0.0,0.12312985211610794
65,0.1325874924659729,0.07683874666690826,0.12312985211610794
66,0.13919077813625336,0.0,0.12312985211610794
67,0.12352917343378067,0.0,0.12312985211610794
68,0.12843221426010132,0.1374627947807312,0.1374627947807312
69,0.11999456584453583,0.0,0.1374627947807312
70,0.11725394427776337,0.07305055111646652,0.1374627947807312
71,0.11241072416305542,0.08868120610713959,0.1374627947807312
72,0.1104758009314537,0.0,0.1374627947807312
73,0.1118268370628357,0.12377006560564041,0.1374627947807312
74,0.10278860479593277,0.11775638908147812,0.1374627947807312
75,0.10461147129535675,0.09674058854579926,0.1374627947807312
76,0.09460557252168655,0.0,0.1374627947807312
77,0.09665701538324356,0.0,0.1374627947807312
78,0.09691853821277618,0.0,0.1374627947807312
79,0.09194192290306091,0.0,0.1374627947807312
80,0.09692805260419846,0.0,0.1374627947807312
81,0.09119956195354462,0.0,0.1374627947807312
82,0.08582699298858643,0.08325853943824768,0.1374627947807312
83,0.0830356702208519,0.0,0.1374627947807312
84,0.08256341516971588,0.0,0.1374627947807312
85,0.08235649764537811,0.0,0.1374627947807312
86,0.08237247169017792,0.0,0.1374627947807312
87,0.07510733604431152,0.07850643247365952,0.1374627947807312
88,0.07740099728107452,0.0,0.1374627947807312
89,0.07685636729001999,0.0,0.1374627947807312
90,0.07670502364635468,0.0,0.1374627947807312
91,0.07357940077781677,0.1360887885093689,0.1374627947807312
92,0.0713098868727684,0.0,0.1374627947807312
93,0.0703035444021225,0.04753474146127701,0.1374627947807312
94,0.06634187698364258,0.0,0.1374627947807312
95,0.06799884140491486,0.06734991818666458,0.1374627947807312
96,0.06529327481985092,0.05813701078295708,0.1374627947807312
97,0.06388776004314423,0.055120036005973816,0.1374627947807312
98,0.06299261748790741,0.0,0.1374627947807312
99,0.06141239404678345,0.08958267420530319,0.1374627947807312
100,0.058970045298337936,0.0,0.1374627947807312
