1,7.605626106262207,0.0,0
2,7.348496913909912,0.0,0
3,7.0788960456848145,0.0,0
4,6.786226749420166,0.0,0
5,6.482147693634033,0.0,0
6,6.163259506225586,0.0,0
7,5.8398003578186035,0.0,0
8,5.536473274230957,0.0,0
9,5.238482475280762,0.0,0
10,4.967661380767822,0.0,0
11,4.727424144744873,0.0,0
12,4.506781101226807,0.0,0
13,4.309746742248535,0.0,0
14,4.118280410766602,0.0,0
15,3.9424023628234863,0.0,0
16,3.7826693058013916,0.0,0
17,3.629605293273926,0.0,0
18,3.48530650138855,0.0,0
19,3.3545589447021484,0.0,0
20,3.2254059314727783,0.0,0
21,3.1105833053588867,0.0,0
22,3.0017290115356445,0.0,0
23,2.894329786300659,0.0,0
24,2.8032712936401367,0.0,0
25,2.713907241821289,0.0,0
26,2.6345038414001465,0.0,0
27,2.5614852905273438,0.0,0
28,2.4912590980529785,0.0,0
29,2.428201913833618,0.0,0
30,2.3717503547668457,0.0,0
31,2.315941572189331,0.0,0
32,2.258090019226074,0.0,0
33,2.2208597660064697,0.0,0
34,2.171306610107422,0.0,0
35,2.1264891624450684,0.0,0
36,2.085521697998047,0.0,0
37,2.048466682434082,0.0,0
38,2.016052722930908,0.0,0
39,1.9773261547088623,0.0,0
40,1.9458279609680176,0.0,0
41,1.909682035446167,0.0,0
42,1.8795052766799927,0.0,0
43,1.8457635641098022,0.0,0
44,1.8250088691711426,0.0,0
45,1.7920275926589966,0.0,0
46,1.7618305683135986,0.0,0
47,1.7332253456115723,0.0,0
48,1.6988621950149536,0.0,0
49,1.67037034034729,0.0,0
50,1.6463561058044434,0.0,0
51,1.6124845743179321,0.0,0
52,1.586632251739502,0.0,0
53,1.5564873218536377,0.0,0
54,1.529448390007019,0.0,0
55,1.5008456707000732,0.0,0
56,1.474458932876587,0.0,0
57,1.4456236362457275,0.03586570918560028,0.03586570918560028
58,1.4188710451126099,0.03047856315970421,0.03586570918560028
59,1.3943883180618286,0.0,0.03586570918560028
60,1.358670949935913,0.0,0.03586570918560028
61,1.3369433879852295,0.025741880759596825,0.03586570918560028
62,1.311163306236267,0.0,0.03586570918560028
63,1.277717113494873,0.0,0.03586570918560028
64,1.2554408311843872,0.0,0.03586570918560028
65,1.2328524589538574,0.05084389075636864,0.05084389075636864
66,1.206563115119934,0.027013668790459633,0.05084389075636864
67,1.1783281564712524,0.0,0.05084389075636864
68,1.1482858657836914,0.0,0.05084389075636864
69,1.1294399499893188,0.0,0.05084389075636864
70,1.1034859418869019,0.0,0.05084389075636864
71,1.0808351039886475,0.036010101437568665,0.05084389075636864
72,1.055066704750061,0.0,0.05084389075636864
73,1.0339988470077515,0.0,0.05084389075636864
74,1.0077757835388184,0.0,0.05084389075636864
75,0.9863594174385071,0.0,0.05084389075636864
76,0.9657658338546753,0.057183507829904556,0.057183507829904556
77,0.9388571381568909,0.0,0.057183507829904556
78,0.9157537817955017,0.0,0.057183507829904556
79,0.8924031853675842,0.030627353116869926,0.057183507829904556
80,0.8719210624694824,0.0,0.057183507829904556
81,0.8525997400283813,0.027495797723531723,0.057183507829904556
82,0.8350445628166199,0.0,0.057183507829904556
83,0.8097782135009766,0.0,0.057183507829904556
84,0.7942236065864563,0.034762170165777206,0.057183507829904556
85,0.7700798511505127,0.03851513937115669,0.057183507829904556
86,0.7563913464546204,0.0,0.057183507829904556
87,0.733076810836792,0.0,0.057183507829904556
88,0.7185027599334717,0.0,0.057183507829904556
89,0.7046862244606018,0.06905140727758408,0.06905140727758408
90,0.6808130741119385,0.0,0.06905140727758408
91,0.6703886985778809,0.0,0.06905140727758408
92,0.6573940515518188,0.0,0.06905140727758408
93,0.6425089836120605,0.0,0.06905140727758408
94,0.6324553489685059,0.07001597434282303,0.07001597434282303
95,0.6119836568832397,0.0,0.07001597434282303
96,0.5950788259506226,0.0,0.07001597434282303
97,0.5902621746063232,0.0,0.07001597434282303
98,0.5761784911155701,0.0,0.07001597434282303
99,0.5668477416038513,0.0,0.07001597434282303
100,0.553216814994812,0.0,0.07001597434282303
