Rounds,Learning Rate,Client Fraction,Client Number,Local Epochs,Batch Size,Hidden Size
100,0.001,1.0,5,1,32,128
1,2.860247704758139,0.0,0
2,2.0962874488191146,0.024007032811641692,0.024007032811641692
3,1.8446885250128031,0.043456250429153444,0.043456250429153444
4,1.6896010309535252,0.0333071619272232,0.043456250429153444
5,1.5702157657681615,0.11983441263437271,0.11983441263437271
6,1.4716662326046503,0.08156999051570893,0.11983441263437271
7,1.3851936830733662,0.09309646189212799,0.11983441263437271
8,1.3094417741509332,0.1332329824566841,0.1332329824566841
9,1.2434921789312843,0.18486698865890502,0.18486698865890502
10,1.1829259463290578,0.14933588355779648,0.18486698865890502
11,1.1278113208221954,0.22396469116210938,0.22396469116210938
12,1.0807575325854901,0.2719783678650856,0.2719783678650856
13,1.0350084033043945,0.2135709524154663,0.2719783678650856
14,0.9952742615521337,0.24468861520290375,0.2719783678650856
15,0.9588192857248904,0.2555716186761856,0.2719783678650856
16,0.9245949544967372,0.27851448953151703,0.27851448953151703
17,0.8938286121684487,0.32960884273052216,0.32960884273052216
18,0.8657247240420165,0.2539157778024673,0.32960884273052216
19,0.8383091285122937,0.29425674974918364,0.32960884273052216
20,0.812188473556321,0.2241389572620392,0.32960884273052216
21,0.7894802263654178,0.28610399812459947,0.32960884273052216
22,0.7676493593222836,0.31319611668586733,0.32960884273052216
23,0.7468930996742911,0.3270810067653656,0.32960884273052216
24,0.7263768365984127,0.25921930372714996,0.32960884273052216
25,0.7084508432730455,0.34623698592185975,0.34623698592185975
26,0.6904358284323718,0.3691177159547806,0.3691177159547806
27,0.6755409004331716,0.2839963138103485,0.3691177159547806
28,0.66054702093714,0.3955962598323822,0.3955962598323822
29,0.6446918086473874,0.31529754102230073,0.3955962598323822
30,0.6320594414631795,0.3470024436712265,0.3955962598323822
31,0.6190059102463988,0.3461287021636963,0.3955962598323822
32,0.6053399207231748,0.43751991987228395,0.43751991987228395
33,0.5931671347910499,0.4298047959804535,0.43751991987228395
34,0.5822015777469798,0.35433487594127655,0.43751991987228395
35,0.5715246468207449,0.500536423921585,0.500536423921585
36,0.5608136264098358,0.3107175976037979,0.500536423921585
37,0.5507961302464601,0.4482652336359024,0.500536423921585
38,0.5418581171089041,0.47741938233375547,0.500536423921585
39,0.5332602318661402,0.3906096935272217,0.500536423921585
40,0.5246706234655523,0.41787697076797486,0.500536423921585
41,0.5162413607668539,0.5328048884868621,0.5328048884868621
42,0.5087843907988423,0.49176583290100095,0.5328048884868621
43,0.5015260671145649,0.5069591641426087,0.5328048884868621
44,0.4932866443202192,0.41189064979553225,0.5328048884868621
45,0.48636721955098705,0.43646363615989686,0.5328048884868621
46,0.47964601642069776,0.4326833963394165,0.5328048884868621
47,0.47414758148645014,0.4805107772350311,0.5328048884868621
48,0.4669696942343121,0.4057887464761734,0.5328048884868621
49,0.46160121859884473,0.4649933993816376,0.5328048884868621
50,0.45572953690711693,0.4901506662368774,0.5328048884868621
51,0.44987870777594063,0.4312048673629761,0.5328048884868621
52,0.44501926531121416,0.4313913583755493,0.5328048884868621
53,0.44000362788082353,0.3567127764225006,0.5328048884868621
54,0.43470346935243515,0.413030332326889,0.5328048884868621
55,0.4295052635767145,0.4561078429222107,0.5328048884868621
56,0.42496680066170595,0.44416006803512575,0.5328048884868621
57,0.41998054551544917,0.4974613904953003,0.5328048884868621
58,0.4149770117718753,0.533408772945404,0.533408772945404
59,0.4105789167631035,0.45009196996688844,0.533408772945404
60,0.40707939122693027,0.4330788433551788,0.533408772945404
61,0.40213377687913016,0.5426724255084991,0.5426724255084991
62,0.3978944658945328,0.49803227186203003,0.5426724255084991
63,0.39404746345905006,0.4469571828842163,0.5426724255084991
64,0.38925301866353823,0.4843690752983093,0.5426724255084991
65,0.3855831080438785,0.458447003364563,0.5426724255084991
66,0.38251286651304955,0.48957926630973814,0.5426724255084991
67,0.37769334819887945,0.5340167641639709,0.5426724255084991
68,0.37427642751992796,0.5333552837371827,0.5426724255084991
69,0.37145986771590267,0.4458439439535141,0.5426724255084991
70,0.3685115839870883,0.43714731335639956,0.5426724255084991
71,0.36510725201992644,0.4885458528995514,0.5426724255084991
72,0.3609593212020745,0.5121037781238555,0.5426724255084991
73,0.35860359286857274,0.4524068832397461,0.5426724255084991
74,0.35500970061336423,0.5188253223896027,0.5426724255084991
75,0.35230240069246477,0.5126381635665893,0.5426724255084991
76,0.3494252308881388,0.5213182926177978,0.5426724255084991
77,0.3461621203157483,0.4648459434509277,0.5426724255084991
78,0.3425756552790645,0.5052353143692017,0.5426724255084991
79,0.338858136989528,0.46283169388771056,0.5426724255084991
80,0.33682856951855955,0.5223480343818665,0.5426724255084991
81,0.33471298787692405,0.582412451505661,0.582412451505661
82,0.33096151418574155,0.5092770278453826,0.582412451505661
83,0.32835439857391746,0.5251839458942413,0.582412451505661
84,0.3243347395231312,0.46959229111671447,0.582412451505661
85,0.3226205880218346,0.5049569249153137,0.582412451505661
86,0.3196336605417584,0.4503009855747223,0.582412451505661
87,0.31712727112457095,0.416685676574707,0.582412451505661
88,0.3153467477452382,0.571520870923996,0.582412451505661
89,0.3133765977680657,0.5230070233345032,0.582412451505661
90,0.3113851276855954,0.5020451962947845,0.582412451505661
91,0.3087155836238547,0.6301639437675476,0.6301639437675476
92,0.3055168909504001,0.5461861252784729,0.6301639437675476
93,0.3025994972123599,0.47430903315544126,0.6301639437675476
94,0.30051708956894146,0.5404385566711426,0.6301639437675476
95,0.29813768395070134,0.5587005734443664,0.6301639437675476
96,0.2961758112020165,0.45899611711502075,0.6301639437675476
97,0.2939030854549721,0.47238768339157106,0.6301639437675476
98,0.2915829201258407,0.5384645581245422,0.6301639437675476
99,0.28926876557383957,0.4500725090503693,0.6301639437675476
100,0.28712221835746965,0.6257033705711365,0.6301639437675476
