1,3.1257485291537117,0.0,0
2,1.850760020461737,0.0,0
3,1.6486439588023167,0.031918589025735855,0.031918589025735855
4,1.514650076043372,0.0341036394238472,0.0341036394238472
5,1.3962468913957184,0.0,0.0341036394238472
6,1.3020818303613102,0.0,0.0341036394238472
7,1.2200635344374413,0.0,0.0341036394238472
8,1.1562490661938984,0.0,0.0341036394238472
9,1.100020010097354,0.0,0.0341036394238472
10,1.0525500003029318,0.0,0.0341036394238472
11,1.0140262713619308,0.0,0.0341036394238472
12,0.9772753423335505,0.03912711516022682,0.03912711516022682
13,0.9472288349095512,0.0,0.03912711516022682
14,0.9191949928508085,0.0,0.03912711516022682
15,0.8946384378508025,0.0,0.03912711516022682
16,0.8731692515167535,0.03148065134882927,0.03912711516022682
17,0.8530533711115519,0.0,0.03912711516022682
18,0.8374923911749148,0.0,0.03912711516022682
19,0.8223404849276823,0.0,0.03912711516022682
20,0.8075719499120525,0.05236617848277092,0.05236617848277092
21,0.7971535044557908,0.0,0.05236617848277092
22,0.7852147057944653,0.04042396321892738,0.05236617848277092
23,0.773675236047483,0.03859565779566765,0.05236617848277092
24,0.7660572961264965,0.0,0.05236617848277092
25,0.7570103687398574,0.0,0.05236617848277092
26,0.7485664147956699,0.0,0.05236617848277092
27,0.7425365716803307,0.0,0.05236617848277092
28,0.7368087219256981,0.0,0.05236617848277092
29,0.7317620013274398,0.0,0.05236617848277092
30,0.7244868033072528,0.0,0.05236617848277092
31,0.720780138875924,0.0,0.05236617848277092
32,0.7154205546659582,0.0,0.05236617848277092
33,0.712352499073627,0.0,0.05236617848277092
34,0.7109613266645693,0.0,0.05236617848277092
35,0.7063954063490325,0.04979606717824936,0.05236617848277092
36,0.7029801957747516,0.028508301824331284,0.05236617848277092
37,0.7002244977390065,0.0,0.05236617848277092
38,0.6978459182907554,0.0,0.05236617848277092
39,0.6952484577309852,0.0,0.05236617848277092
40,0.6927012064877678,0.03755844384431839,0.05236617848277092
41,0.6919502054943758,0.023201361298561096,0.05236617848277092
42,0.6901285005550758,0.0,0.05236617848277092
43,0.6879455774438148,0.04355991631746292,0.05236617848277092
44,0.6864039664174996,0.03322106599807739,0.05236617848277092
45,0.6845596724865484,0.0,0.05236617848277092
46,0.6846137315619225,0.0,0.05236617848277092
47,0.6820775527580112,0.0,0.05236617848277092
48,0.6832593889797435,0.0,0.05236617848277092
49,0.6796190598431755,0.04524795711040497,0.05236617848277092
50,0.6781653200878817,0.0,0.05236617848277092
51,0.6783498303562987,0.0,0.05236617848277092
52,0.678133551980935,0.0,0.05236617848277092
53,0.6773616087202933,0.0,0.05236617848277092
54,0.6777179977473091,0.0,0.05236617848277092
55,0.6763001341445773,0.04843932017683983,0.05236617848277092
56,0.6735084734710992,0.0,0.05236617848277092
57,0.6736876590579164,0.0,0.05236617848277092
58,0.6727425175554612,0.0,0.05236617848277092
59,0.6740401305404364,0.0,0.05236617848277092
60,0.6715362656350229,0.0,0.05236617848277092
61,0.672160363664814,0.05492378771305084,0.05492378771305084
62,0.6719803342632219,0.0,0.05492378771305084
63,0.671049534105787,0.0450446754693985,0.05492378771305084
64,0.6701531059601727,0.0,0.05492378771305084
65,0.6699186259625005,0.03174502030014992,0.05492378771305084
66,0.6678914626439413,0.0,0.05492378771305084
67,0.6686969715006211,0.0,0.05492378771305084
68,0.6690282354167864,0.0289627518504858,0.05492378771305084
69,0.6695342098965364,0.04627487435936928,0.05492378771305084
70,0.668832912164576,0.0,0.05492378771305084
71,0.6672141879212623,0.0,0.05492378771305084
72,0.6663461876850502,0.04210849478840828,0.05492378771305084
73,0.6679585354000914,0.0,0.05492378771305084
74,0.6674313930904164,0.0,0.05492378771305084
75,0.6661900200095832,0.0,0.05492378771305084
76,0.6662002638274548,0.0,0.05492378771305084
77,0.6662815563818988,0.0,0.05492378771305084
78,0.665992021560669,0.044649381190538406,0.05492378771305084
79,0.6655197178616243,0.0,0.05492378771305084
80,0.6659774850396549,0.08751241862773895,0.08751241862773895
81,0.6656334610546336,0.0,0.08751241862773895
82,0.665718113674837,0.04617505893111229,0.08751241862773895
83,0.6665001020712011,0.0,0.08751241862773895
84,0.6659031977840498,0.0552530437707901,0.08751241862773895
85,0.6648564642550898,0.0,0.08751241862773895
86,0.664269838847366,0.0,0.08751241862773895
87,0.6651088852508396,0.04444361478090286,0.08751241862773895
88,0.663998640051075,0.03421948105096817,0.08751241862773895
89,0.6634184087024015,0.0,0.08751241862773895
90,0.6635467363338844,0.0,0.08751241862773895
91,0.6643962112127566,0.0,0.08751241862773895
92,0.6628544307222554,0.0,0.08751241862773895
93,0.6646552179373947,0.04431179165840149,0.08751241862773895
94,0.6649197632191228,0.0,0.08751241862773895
95,0.6621898120524836,0.0,0.08751241862773895
96,0.6634122133255005,0.04756871983408928,0.08751241862773895
97,0.6625267512658063,0.0,0.08751241862773895
98,0.6625600854555765,0.0,0.08751241862773895
99,0.6639387467328239,0.0,0.08751241862773895
100,0.6623918203746572,0.0,0.08751241862773895
