1,3.0009454746914517,0.0,0
2,2.0246187919264385,0.054646093398332596,0.054646093398332596
3,1.776004101060758,0.0533401183784008,0.054646093398332596
4,1.5958012577834402,0.06481584906578064,0.06481584906578064
5,1.4488193130796883,0.06531330943107605,0.06531330943107605
6,1.3181296006129806,0.07288399338722229,0.07288399338722229
7,1.2030889813307744,0.09322409331798553,0.09322409331798553
8,1.0962677404379388,0.09762328863143921,0.09762328863143921
9,1.0030328498524466,0.24580280482769012,0.24580280482769012
10,0.915880028988905,0.1539236605167389,0.24580280482769012
11,0.8375105926185656,0.24646960198879242,0.24646960198879242
12,0.7656204689080548,0.1506214737892151,0.24646960198879242
13,0.6991696365319999,0.16887815296649933,0.24646960198879242
14,0.6411670922853385,0.18447071313858032,0.24646960198879242
15,0.5827254018965801,0.11638925969600677,0.24646960198879242
16,0.5369113550823965,0.24101154506206512,0.24646960198879242
17,0.49113746585359996,0.26097434759140015,0.26097434759140015
18,0.44899850115654577,0.43027883768081665,0.43027883768081665
19,0.41193304149208554,0.29679763317108154,0.43027883768081665
20,0.37720715705376523,0.17360655963420868,0.43027883768081665
21,0.3477041729886061,0.32042554020881653,0.43027883768081665
22,0.3209021030717595,0.4095538556575775,0.43027883768081665
23,0.292934662976842,0.19276076555252075,0.43027883768081665
24,0.2685879816295235,0.4085490107536316,0.43027883768081665
25,0.24808095965036162,0.38262712955474854,0.43027883768081665
26,0.2321720890178802,0.34044376015663147,0.43027883768081665
27,0.21418960625009173,0.23160706460475922,0.43027883768081665
28,0.19828701854511432,0.33212384581565857,0.43027883768081665
29,0.18391950822370068,0.30034664273262024,0.43027883768081665
30,0.17136395001297544,0.3212929368019104,0.43027883768081665
31,0.15935457459870417,0.47514939308166504,0.47514939308166504
32,0.15156134255942266,0.3271489143371582,0.47514939308166504
33,0.1416960379500298,0.3968283236026764,0.47514939308166504
34,0.13273545364095907,0.3792102038860321,0.47514939308166504
35,0.12482092781051708,0.36919155716896057,0.47514939308166504
36,0.11770950670644736,0.41032418608665466,0.47514939308166504
37,0.1108120600603948,0.43133416771888733,0.47514939308166504
38,0.10643019942436249,0.40259456634521484,0.47514939308166504
39,0.10389225443552254,0.2522128224372864,0.47514939308166504
40,0.0957290484409803,0.3719283938407898,0.47514939308166504
41,0.09064007728437709,0.4042378067970276,0.47514939308166504
42,0.08659136444804774,0.42167043685913086,0.47514939308166504
43,0.08186307236267502,0.4349532127380371,0.47514939308166504
44,0.08030860064325819,0.4766544997692108,0.4766544997692108
45,0.07645558333320981,0.4128691256046295,0.4766544997692108
46,0.07304277596105437,0.41597557067871094,0.4766544997692108
47,0.07184745020167843,0.34488970041275024,0.4766544997692108
48,0.06978732769846156,0.4401528835296631,0.4766544997692108
49,0.06908211015924147,0.4437226355075836,0.4766544997692108
50,0.06470316570180996,0.4074510335922241,0.4766544997692108
51,0.06375091136166244,0.3361097276210785,0.4766544997692108
52,0.06260779119173812,0.3871578574180603,0.4766544997692108
53,0.0595964292171085,0.37962523102760315,0.4766544997692108
54,0.05804006318757488,0.4393478333950043,0.4766544997692108
55,0.056114085576241944,0.5029796957969666,0.5029796957969666
56,0.054026181922312,0.4520513415336609,0.5029796957969666
57,0.052154853453586815,0.3603360950946808,0.5029796957969666
58,0.051690427040693106,0.46926644444465637,0.5029796957969666
59,0.04984953250902094,0.446991890668869,0.5029796957969666
60,0.05001874409236346,0.39408737421035767,0.5029796957969666
61,0.05027978723738224,0.31417354941368103,0.5029796957969666
62,0.04754936744927601,0.3658686876296997,0.5029796957969666
63,0.046873830033430625,0.5804725289344788,0.5804725289344788
64,0.04506478241532092,0.47462397813796997,0.5804725289344788
65,0.044470121550142384,0.4436300992965698,0.5804725289344788
66,0.04341867825929906,0.34189674258232117,0.5804725289344788
67,0.043448500691135976,0.3897411823272705,0.5804725289344788
68,0.0430882896302612,0.3562377393245697,0.5804725289344788
69,0.043531784206438974,0.504962682723999,0.5804725289344788
70,0.043646885663460776,0.47660502791404724,0.5804725289344788
71,0.04172044860756701,0.42041292786598206,0.5804725289344788
72,0.04101448832376368,0.395979106426239,0.5804725289344788
73,0.04148835582053585,0.4095325171947479,0.5804725289344788
74,0.04011333571260522,0.3983080983161926,0.5804725289344788
75,0.039097153848618456,0.4506794214248657,0.5804725289344788
76,0.03832145734648606,0.34224238991737366,0.5804725289344788
77,0.03810011661332694,0.2852061688899994,0.5804725289344788
78,0.03753175046650847,0.4100055396556854,0.5804725289344788
79,0.038697776224487904,0.4433744251728058,0.5804725289344788
80,0.03870385136621393,0.43661993741989136,0.5804725289344788
81,0.03635004862170121,0.4365191161632538,0.5804725289344788
82,0.036464885713615613,0.46113908290863037,0.5804725289344788
83,0.03558710839741739,0.35771822929382324,0.5804725289344788
84,0.03677775412442008,0.455078661441803,0.5804725289344788
85,0.03520540326572717,0.4157661199569702,0.5804725289344788
86,0.03443729356049922,0.47000187635421753,0.5804725289344788
87,0.033489164831057475,0.44062262773513794,0.5804725289344788
88,0.0332583435425523,0.43439313769340515,0.5804725289344788
89,0.03316853103482989,0.5146328210830688,0.5804725289344788
90,0.03384021403279844,0.4199157655239105,0.5804725289344788
91,0.03444985547666527,0.5220617651939392,0.5804725289344788
92,0.0339979078786768,0.5535192489624023,0.5804725289344788
93,0.03403975112233192,0.3635050058364868,0.5804725289344788
94,0.03310011489803245,0.5173042416572571,0.5804725289344788
95,0.03376719497357774,0.5507825613021851,0.5804725289344788
96,0.032897604528553545,0.5033383965492249,0.5804725289344788
97,0.032267557801144896,0.4756295382976532,0.5804725289344788
98,0.03247439956209462,0.5138553380966187,0.5804725289344788
99,0.031696536854075585,0.434233158826828,0.5804725289344788
100,0.03250638203351361,0.3237016201019287,0.5804725289344788
