1,2.9697333756525803,0.0,0
2,1.9953420594998985,0.0923774465918541,0.0923774465918541
3,1.752237840063253,0.0,0.0923774465918541
4,1.5791794350192805,0.11504362523555756,0.11504362523555756
5,1.4399196266368697,0.0,0.11504362523555756
6,1.3159917293080858,0.08057072013616562,0.11504362523555756
7,1.2103695140522757,0.0845533013343811,0.11504362523555756
8,1.1140490515976196,0.057228706777095795,0.11504362523555756
9,1.0254955462589386,0.04123637080192566,0.11504362523555756
10,0.9455036046398673,0.05907634645700455,0.11504362523555756
11,0.8646759751496041,0.08254297077655792,0.11504362523555756
12,0.7979032898404795,0.1193511039018631,0.1193511039018631
13,0.7342298072614487,0.1376744657754898,0.1376744657754898
14,0.6776189849634838,0.11586708575487137,0.1376744657754898
15,0.6226795832062982,0.1227281466126442,0.1376744657754898
16,0.5698376421336155,0.29811039566993713,0.29811039566993713
17,0.5269269920458459,0.2181684374809265,0.29811039566993713
18,0.4835930878569366,0.20261643826961517,0.29811039566993713
19,0.4444294156162602,0.267289936542511,0.29811039566993713
20,0.4098666522912918,0.23691777884960175,0.29811039566993713
21,0.378038598663488,0.2763757109642029,0.29811039566993713
22,0.34625016655891566,0.22717401385307312,0.29811039566993713
23,0.3206992479646282,0.28816530108451843,0.29811039566993713
24,0.2927439137818707,0.24953417479991913,0.29811039566993713
25,0.27330561807960463,0.3783543109893799,0.3783543109893799
26,0.25275559732868413,0.32128068804740906,0.3783543109893799
27,0.23174272382714947,0.3894606828689575,0.3894606828689575
28,0.21518958155896253,0.3377935290336609,0.3894606828689575
29,0.20186905458474616,0.27453672885894775,0.3894606828689575
30,0.1870941003416754,0.30032968521118164,0.3894606828689575
31,0.17507501041433612,0.22565476596355438,0.3894606828689575
32,0.16342951860397484,0.261501669883728,0.3894606828689575
33,0.15337809906074196,0.3308101296424866,0.3894606828689575
34,0.14340302381356052,0.39978551864624023,0.39978551864624023
35,0.1335115254304971,0.3985069990158081,0.39978551864624023
36,0.12758899959409312,0.2727968394756317,0.39978551864624023
37,0.11748425923525148,0.3887357711791992,0.39978551864624023
38,0.11041295642306091,0.39081043004989624,0.39978551864624023
39,0.10639124847711272,0.2942933142185211,0.39978551864624023
40,0.10265260113842169,0.37462037801742554,0.39978551864624023
41,0.09574559762789185,0.509207546710968,0.509207546710968
42,0.09134604909997078,0.407146155834198,0.509207546710968
43,0.08846970384193074,0.5375490188598633,0.5375490188598633
44,0.08626739552636055,0.2811964154243469,0.5375490188598633
45,0.08179873697886801,0.38918977975845337,0.5375490188598633
46,0.0760293046522672,0.4041748344898224,0.5375490188598633
47,0.07489709318823116,0.2734526991844177,0.5375490188598633
48,0.06918383088366241,0.4654864966869354,0.5375490188598633
49,0.06905933571564164,0.3535345196723938,0.5375490188598633
50,0.06736122520201525,0.3145654797554016,0.5375490188598633
51,0.06607129351253722,0.40465253591537476,0.5375490188598633
52,0.06338847658721505,0.32455334067344666,0.5375490188598633
53,0.06295275314455959,0.3160460889339447,0.5375490188598633
54,0.05872695586958509,0.35241037607192993,0.5375490188598633
55,0.05881146495794035,0.42082545161247253,0.5375490188598633
56,0.057774525396763136,0.483987033367157,0.5375490188598633
57,0.05656356037042703,0.5214357972145081,0.5375490188598633
58,0.05500716128784001,0.3351467251777649,0.5375490188598633
59,0.05545608870163085,0.31338372826576233,0.5375490188598633
60,0.052795923332784586,0.3994600474834442,0.5375490188598633
61,0.04990915250578883,0.42453569173812866,0.5375490188598633
62,0.04910449517570484,0.2876887619495392,0.5375490188598633
63,0.04826694575085002,0.5681230425834656,0.5681230425834656
64,0.04799089245023621,0.3308069407939911,0.5681230425834656
65,0.047184938849632145,0.40191346406936646,0.5681230425834656
66,0.044283412385043824,0.38566309213638306,0.5681230425834656
67,0.044285555245580185,0.3671337366104126,0.5681230425834656
68,0.0450508059684638,0.4954395890235901,0.5681230425834656
69,0.04478240833516903,0.38958337903022766,0.5681230425834656
70,0.04285076569030239,0.3519631624221802,0.5681230425834656
71,0.041157418672161494,0.3706204295158386,0.5681230425834656
72,0.040820109236771894,0.4797680079936981,0.5681230425834656
73,0.042811373972399216,0.32678061723709106,0.5681230425834656
74,0.04368305189689253,0.27953383326530457,0.5681230425834656
75,0.04094988751895488,0.4753243625164032,0.5681230425834656
76,0.040016153916289474,0.4195764362812042,0.5681230425834656
77,0.04048974115021859,0.39543554186820984,0.5681230425834656
78,0.03850416586419959,0.3643916845321655,0.5681230425834656
79,0.038785099378152256,0.44756901264190674,0.5681230425834656
80,0.03934281451070005,0.48144829273223877,0.5681230425834656
81,0.03907393699713573,0.4301207959651947,0.5681230425834656
82,0.03856616430459129,0.3946073353290558,0.5681230425834656
83,0.03754110486620361,0.4019424021244049,0.5681230425834656
84,0.03809491294631912,0.35118532180786133,0.5681230425834656
85,0.03812366599442473,0.3866763412952423,0.5681230425834656
86,0.03590640357464172,0.3604917824268341,0.5681230425834656
87,0.03616658069050995,0.45218485593795776,0.5681230425834656
88,0.03500866316330091,0.4716101884841919,0.5681230425834656
89,0.03446313511034486,0.3777509927749634,0.5681230425834656
90,0.03455244120400233,0.46275195479393005,0.5681230425834656
91,0.03542739789410951,0.3167860507965088,0.5681230425834656
92,0.03401234524122849,0.23122042417526245,0.5681230425834656
93,0.032540824964262874,0.46251681447029114,0.5681230425834656
94,0.033077844442313264,0.48375242948532104,0.5681230425834656
95,0.033827529057480724,0.4143058955669403,0.5681230425834656
96,0.033974697030368886,0.5846351981163025,0.5846351981163025
97,0.033735839928838475,0.2493642270565033,0.5846351981163025
98,0.032782391467054556,0.33231064677238464,0.5846351981163025
99,0.03452789272140166,0.5338173508644104,0.5846351981163025
100,0.03275567709592877,0.27887967228889465,0.5846351981163025
