1,5.330300331115723,0.0,0
2,4.568287531534831,0.0,0
3,4.0329718589782715,0.0,0
4,3.59909717241923,0.0,0
5,3.2337859471639,0.0,0
6,2.975731054941813,0.0,0
7,2.761451244354248,0.0,0
8,2.5698372522989907,0.0,0
9,2.449526866277059,0.0,0
10,2.3260368506113687,0.0,0
11,2.216606934865316,0.0,0
12,2.130634148915609,0.08455624431371689,0.08455624431371689
13,2.034513831138611,0.0,0.08455624431371689
14,1.962585727373759,0.0,0.08455624431371689
15,1.8762039343516033,0.10610362887382507,0.10610362887382507
16,1.815261960029602,0.06546062976121902,0.10610362887382507
17,1.736651619275411,0.10883913934230804,0.10883913934230804
18,1.688576102256775,0.0,0.10883913934230804
19,1.6211101214090984,0.06267823278903961,0.10883913934230804
20,1.574446678161621,0.0,0.10883913934230804
21,1.50239102045695,0.13877810537815094,0.13877810537815094
22,1.4569840828577678,0.0,0.13877810537815094
23,1.3872499068578084,0.12225299328565598,0.13877810537815094
24,1.32969335714976,0.09692754596471786,0.13877810537815094
25,1.286422848701477,0.22792735695838928,0.22792735695838928
26,1.2397379477818806,0.1557115912437439,0.22792735695838928
27,1.1890344619750977,0.25417301058769226,0.25417301058769226
28,1.1484491030375164,0.11571433395147324,0.25417301058769226
29,1.0974740187327068,0.06527970731258392,0.25417301058769226
30,1.0490687290827434,0.1756257563829422,0.25417301058769226
31,1.0102796355883281,0.33266544342041016,0.33266544342041016
32,0.9721766511599222,0.2906201183795929,0.33266544342041016
33,0.9345179001490275,0.3162422478199005,0.33266544342041016
34,0.8899674216906229,0.2424299418926239,0.33266544342041016
35,0.8548657496770223,0.3767958879470825,0.3767958879470825
36,0.8323452870051066,0.2511240839958191,0.3767958879470825
37,0.7924535870552063,0.3271576464176178,0.3767958879470825
38,0.7450171510378519,0.32015183568000793,0.3767958879470825
39,0.7182546456654867,0.27813616394996643,0.3767958879470825
40,0.6893779834111532,0.3060016632080078,0.3767958879470825
41,0.6537100076675415,0.4637705981731415,0.4637705981731415
42,0.6338087121645609,0.3737974762916565,0.4637705981731415
43,0.6068035960197449,0.2720121443271637,0.4637705981731415
44,0.5819090406099955,0.2719954550266266,0.4637705981731415
45,0.5476181407769521,0.2738580107688904,0.4637705981731415
46,0.527031421661377,0.24713604152202606,0.4637705981731415
47,0.4987041652202606,0.37878623604774475,0.4637705981731415
48,0.48149483402570087,0.3595796227455139,0.4637705981731415
49,0.45780137181282043,0.40395158529281616,0.4637705981731415
50,0.4382813572883606,0.43864336609840393,0.4637705981731415
51,0.41311972339948017,0.4226875901222229,0.4637705981731415
52,0.3996225396792094,0.37507104873657227,0.4637705981731415
53,0.37506306171417236,0.4016784727573395,0.4637705981731415
54,0.3573596477508545,0.4122912287712097,0.4637705981731415
55,0.34709052244822186,0.4772827923297882,0.4772827923297882
56,0.32947971423467,0.4931504428386688,0.4931504428386688
57,0.31448020537694293,0.4175302982330322,0.4931504428386688
58,0.2974581519762675,0.5393798351287842,0.5393798351287842
59,0.2935458819071452,0.4561074674129486,0.5393798351287842
60,0.2775838027397792,0.3324633240699768,0.5393798351287842
61,0.26693745454152423,0.4026472270488739,0.5393798351287842
62,0.2567945470412572,0.4289941191673279,0.5393798351287842
63,0.2473259468873342,0.38447391986846924,0.5393798351287842
64,0.2338993102312088,0.46672216057777405,0.5393798351287842
65,0.2250076284011205,0.38438886404037476,0.5393798351287842
66,0.2149545301993688,0.48202601075172424,0.5393798351287842
67,0.20726261536280313,0.44289451837539673,0.5393798351287842
68,0.19834044575691223,0.3615375757217407,0.5393798351287842
69,0.19031400481859842,0.47278788685798645,0.5393798351287842
70,0.1856420785188675,0.433676540851593,0.5393798351287842
71,0.18324313561121622,0.429267555475235,0.5393798351287842
72,0.17393600443998972,0.49208125472068787,0.5393798351287842
73,0.1710965931415558,0.36547166109085083,0.5393798351287842
74,0.16535491247971854,0.4851829409599304,0.5393798351287842
75,0.15149618685245514,0.4145718216896057,0.5393798351287842
76,0.1509209672609965,0.4126051068305969,0.5393798351287842
77,0.14261129001776376,0.49682193994522095,0.5393798351287842
78,0.14171753327051798,0.5195748209953308,0.5393798351287842
79,0.13595225910345712,0.5519139170646667,0.5519139170646667
80,0.1305060237646103,0.605715274810791,0.605715274810791
81,0.12871778011322021,0.536290168762207,0.605715274810791
82,0.12405588229497273,0.46861034631729126,0.605715274810791
83,0.11639126141866048,0.4984643757343292,0.605715274810791
84,0.12036481002966563,0.42893415689468384,0.605715274810791
85,0.11648799975713094,0.35037973523139954,0.605715274810791
86,0.10975916683673859,0.5800037980079651,0.605715274810791
87,0.10713125765323639,0.5695069432258606,0.605715274810791
88,0.10472877820332845,0.429972767829895,0.605715274810791
89,0.10241981099049251,0.36126330494880676,0.605715274810791
90,0.09935418019692104,0.5206517577171326,0.605715274810791
91,0.09425764779249828,0.4910213053226471,0.605715274810791
92,0.09276283780733745,0.3985746204853058,0.605715274810791
93,0.09128135442733765,0.6210054755210876,0.6210054755210876
94,0.08975433061520259,0.4800119400024414,0.6210054755210876
95,0.08996425817410152,0.4143507778644562,0.6210054755210876
96,0.08711283653974533,0.47087135910987854,0.6210054755210876
97,0.08311769117911656,0.4459606111049652,0.6210054755210876
98,0.0808081179857254,0.5680849552154541,0.6210054755210876
99,0.08363644033670425,0.44589170813560486,0.6210054755210876
100,0.07841611156860988,0.3656039535999298,0.6210054755210876
