1,5.138861338297526,0.0,0
2,4.470294793446858,0.0,0
3,3.959815820058187,0.0,0
4,3.56602152188619,0.0,0
5,3.242701848347982,0.0,0
6,2.961928447087606,0.0,0
7,2.7758737405141196,0.0,0
8,2.6325294176737466,0.0,0
9,2.4870296319325766,0.0,0
10,2.3718417485555015,0.0,0
11,2.274944543838501,0.0,0
12,2.184522787729899,0.0,0
13,2.0952174266179404,0.0,0
14,2.0197523832321167,0.0,0
15,1.9151842594146729,0.0,0
16,1.8552732865015666,0.11977704614400864,0.11977704614400864
17,1.795749545097351,0.0,0.11977704614400864
18,1.7310348351796467,0.0,0.11977704614400864
19,1.6805797815322876,0.06393279880285263,0.11977704614400864
20,1.6078368822733562,0.10624690353870392,0.11977704614400864
21,1.5464400847752888,0.10711498558521271,0.11977704614400864
22,1.488424261411031,0.14790431484524522,0.14790431484524522
23,1.4379665851593018,0.09683416038751602,0.14790431484524522
24,1.3842879931132,0.23631277680397034,0.23631277680397034
25,1.3317254384358723,0.2894708931576565,0.2894708931576565
26,1.2881022294362385,0.1800854206085205,0.2894708931576565
27,1.2171698013941448,0.31529977917671204,0.31529977917671204
28,1.1705950895945232,0.24148733913898468,0.31529977917671204
29,1.1278396050135295,0.2551625072956085,0.31529977917671204
30,1.0847750703493755,0.3054090440273285,0.31529977917671204
31,1.043060878912608,0.21013502776622772,0.31529977917671204
32,0.9936277866363525,0.2727331221103668,0.31529977917671204
33,0.9379584789276123,0.2656291723251343,0.31529977917671204
34,0.9238071242968241,0.1480722576379776,0.31529977917671204
35,0.876967191696167,0.3457846939563751,0.3457846939563751
36,0.838319718837738,0.285354882478714,0.3457846939563751
37,0.7976224422454834,0.2624686658382416,0.3457846939563751
38,0.7685231963793436,0.3969767689704895,0.3969767689704895
39,0.7276930212974548,0.3412644565105438,0.3969767689704895
40,0.6944103240966797,0.4519250988960266,0.4519250988960266
41,0.6656050086021423,0.3594834804534912,0.4519250988960266
42,0.6343749165534973,0.37537094950675964,0.4519250988960266
43,0.6054319540659586,0.4770185649394989,0.4770185649394989
44,0.5725331703821818,0.5027717351913452,0.5027717351913452
45,0.5464228391647339,0.3022882044315338,0.5027717351913452
46,0.5166875422000885,0.5426188707351685,0.5426188707351685
47,0.4914456407229106,0.534308910369873,0.5426188707351685
48,0.48498956362406415,0.4644792377948761,0.5426188707351685
49,0.45090511441230774,0.44027599692344666,0.5426188707351685
50,0.434050977230072,0.45078912377357483,0.5426188707351685
51,0.41243107120196026,0.5062450766563416,0.5426188707351685
52,0.39556440711021423,0.6223552227020264,0.6223552227020264
53,0.38044869899749756,0.5789774656295776,0.6223552227020264
54,0.3553173939387004,0.4209630489349365,0.6223552227020264
55,0.342841237783432,0.6465578675270081,0.6465578675270081
56,0.32558825612068176,0.5637999773025513,0.6465578675270081
57,0.3038034439086914,0.6079801917076111,0.6465578675270081
58,0.29230355223019916,0.5553270578384399,0.6465578675270081
59,0.27793193856875104,0.629432737827301,0.6465578675270081
60,0.2693520983060201,0.7250005602836609,0.7250005602836609
61,0.2494523823261261,0.6108101606369019,0.7250005602836609
62,0.2429215908050537,0.6196234226226807,0.7250005602836609
63,0.23573537667592367,0.5073292851448059,0.7250005602836609
64,0.2260370304187139,0.6171461343765259,0.7250005602836609
65,0.21483883261680603,0.6850989460945129,0.7250005602836609
66,0.2068891078233719,0.674200713634491,0.7250005602836609
67,0.20082911849021912,0.6930335164070129,0.7250005602836609
68,0.19330084323883057,0.6235106587409973,0.7250005602836609
69,0.1822113444407781,0.6341133117675781,0.7250005602836609
70,0.17706271509329477,0.6365053653717041,0.7250005602836609
71,0.16865089535713196,0.6203637719154358,0.7250005602836609
72,0.16627305249373117,0.7134020328521729,0.7250005602836609
73,0.15905776619911194,0.5975459218025208,0.7250005602836609
74,0.1513467083374659,0.6096104383468628,0.7250005602836609
75,0.1439503182967504,0.652382493019104,0.7250005602836609
76,0.14363804956277212,0.675122857093811,0.7250005602836609
77,0.13646219670772552,0.6775404214859009,0.7250005602836609
78,0.13155997296174368,0.6789441704750061,0.7250005602836609
79,0.1277589350938797,0.7351476550102234,0.7351476550102234
80,0.12656290580828986,0.6466431021690369,0.7351476550102234
81,0.11904190977414449,0.6500229835510254,0.7351476550102234
82,0.11657971888780594,0.6575016975402832,0.7351476550102234
83,0.11490544925133388,0.6168041825294495,0.7351476550102234
84,0.11488861838976543,0.5991954207420349,0.7351476550102234
85,0.11027749131123225,0.6654460430145264,0.7351476550102234
86,0.10469986995061238,0.6309568881988525,0.7351476550102234
87,0.10300779591004054,0.6014102101325989,0.7351476550102234
88,0.09538352241118749,0.6430133581161499,0.7351476550102234
89,0.09371848652760188,0.6350358724594116,0.7351476550102234
90,0.09036115805308025,0.6337148547172546,0.7351476550102234
91,0.09100001553694408,0.5846724510192871,0.7351476550102234
92,0.08755265424648921,0.6051136255264282,0.7351476550102234
93,0.08478568494319916,0.7543662786483765,0.7543662786483765
94,0.08560835321744283,0.6830168962478638,0.7543662786483765
95,0.08231040090322495,0.7199909687042236,0.7543662786483765
96,0.07738834619522095,0.6617904901504517,0.7543662786483765
97,0.07679460446039836,0.6135832071304321,0.7543662786483765
98,0.07415004074573517,0.5708616375923157,0.7543662786483765
99,0.07402092466751735,0.7051581740379333,0.7543662786483765
100,0.0717805524667104,0.5807961225509644,0.7543662786483765
