1,5.025894482930501,0.0,0
2,4.390969912211101,0.0,0
3,3.8495378494262695,0.0,0
4,3.4662129084269204,0.021250292658805847,0.021250292658805847
5,3.16017746925354,0.0,0.021250292658805847
6,2.9421540101369223,0.0,0.021250292658805847
7,2.736427625020345,0.0,0.021250292658805847
8,2.5854946772257485,0.0,0.021250292658805847
9,2.4128006299336753,0.04033532366156578,0.04033532366156578
10,2.2908650239308677,0.0,0.04033532366156578
11,2.1974188486735025,0.0,0.04033532366156578
12,2.0746230681737265,0.05279652401804924,0.05279652401804924
13,2.0193965832392373,0.06855979561805725,0.06855979561805725
14,1.8978157838185628,0.06439468264579773,0.06855979561805725
15,1.8411441246668498,0.07889604568481445,0.07889604568481445
16,1.772737701733907,0.17707344889640808,0.17707344889640808
17,1.7082542578379314,0.11910680681467056,0.17707344889640808
18,1.621270219484965,0.13899192214012146,0.17707344889640808
19,1.5935859680175781,0.19846107065677643,0.19846107065677643
20,1.498616337776184,0.25905728340148926,0.25905728340148926
21,1.445918361345927,0.15073880553245544,0.25905728340148926
22,1.3953251838684082,0.1891823709011078,0.25905728340148926
23,1.3343344529469807,0.12718921899795532,0.25905728340148926
24,1.2838465770085652,0.26977288722991943,0.26977288722991943
25,1.2343109846115112,0.24585628509521484,0.26977288722991943
26,1.1793094078699748,0.31601786613464355,0.31601786613464355
27,1.1346763372421265,0.3190782964229584,0.3190782964229584
28,1.1082371075948079,0.18169531226158142,0.3190782964229584
29,1.057973027229309,0.2738112807273865,0.3190782964229584
30,0.9932113885879517,0.2932226061820984,0.3190782964229584
31,0.9571644067764282,0.20847201347351074,0.3190782964229584
32,0.9114170670509338,0.3158324956893921,0.3190782964229584
33,0.8783580462137858,0.35773566365242004,0.35773566365242004
34,0.8398065368334452,0.39219337701797485,0.39219337701797485
35,0.8176651000976562,0.34500154852867126,0.39219337701797485
36,0.767974336942037,0.3174659013748169,0.39219337701797485
37,0.7358028491338094,0.37949538230895996,0.39219337701797485
38,0.7278034687042236,0.24463264644145966,0.39219337701797485
39,0.6876403093338013,0.32538506388664246,0.39219337701797485
40,0.640997310479482,0.25375130772590637,0.39219337701797485
41,0.614624818166097,0.3155604600906372,0.39219337701797485
42,0.5815296570460001,0.5119562149047852,0.5119562149047852
43,0.5634276072184244,0.38098976016044617,0.5119562149047852
44,0.5337390104929606,0.40973368287086487,0.5119562149047852
45,0.5130444367726644,0.5379672050476074,0.5379672050476074
46,0.48659375309944153,0.4066459536552429,0.5379672050476074
47,0.47406960527102154,0.5402259230613708,0.5402259230613708
48,0.44627846280733746,0.37976327538490295,0.5402259230613708
49,0.425597886244456,0.5363749861717224,0.5402259230613708
50,0.4144070545832316,0.6032290458679199,0.6032290458679199
51,0.3951073884963989,0.42637377977371216,0.6032290458679199
52,0.3754722774028778,0.4069020450115204,0.6032290458679199
53,0.35269872347513836,0.429335355758667,0.6032290458679199
54,0.3435460825761159,0.4579792320728302,0.6032290458679199
55,0.31615399320920307,0.4651893973350525,0.6032290458679199
56,0.30928999185562134,0.6362829804420471,0.6362829804420471
57,0.28842047850290936,0.6018146276473999,0.6362829804420471
58,0.27846060196558636,0.5441939830780029,0.6362829804420471
59,0.26260781784852344,0.508970320224762,0.6362829804420471
60,0.25252342224121094,0.5291219353675842,0.6362829804420471
61,0.2503592371940613,0.5489660501480103,0.6362829804420471
62,0.23604601621627808,0.6028534173965454,0.6362829804420471
63,0.22733356058597565,0.49696606397628784,0.6362829804420471
64,0.21848067144552866,0.5817694067955017,0.6362829804420471
65,0.2131617565949758,0.4345587193965912,0.6362829804420471
66,0.2027266522248586,0.6047642827033997,0.6362829804420471
67,0.1997220367193222,0.6338571906089783,0.6362829804420471
68,0.18829707304636636,0.5176022052764893,0.6362829804420471
69,0.1761270264784495,0.5634055733680725,0.6362829804420471
70,0.17421596745649973,0.5160099864006042,0.6362829804420471
71,0.16660459836324057,0.45015019178390503,0.6362829804420471
72,0.1623090704282125,0.5068084597587585,0.6362829804420471
73,0.15492856005827585,0.5462647676467896,0.6362829804420471
74,0.1487337201833725,0.622448205947876,0.6362829804420471
75,0.14132409046093622,0.5877212882041931,0.6362829804420471
76,0.1440619577964147,0.6847066879272461,0.6847066879272461
77,0.1386247624953588,0.5632120370864868,0.6847066879272461
78,0.13450177013874054,0.5443287491798401,0.6847066879272461
79,0.12796494364738464,0.6446506977081299,0.6847066879272461
80,0.12381603568792343,0.6025989651679993,0.6847066879272461
81,0.12202792863051097,0.5224484205245972,0.6847066879272461
82,0.1204468955596288,0.681379497051239,0.6847066879272461
83,0.11276061832904816,0.6811401844024658,0.6847066879272461
84,0.10967184354861577,0.5650252103805542,0.6847066879272461
85,0.10619502017895381,0.6119803190231323,0.6847066879272461
86,0.10419997572898865,0.4966127574443817,0.6847066879272461
87,0.09997982283433278,0.5548939108848572,0.6847066879272461
88,0.10009670009215672,0.5170349478721619,0.6847066879272461
89,0.09689674029747646,0.5276879668235779,0.6847066879272461
90,0.09369469185670216,0.6714854836463928,0.6847066879272461
91,0.09325576821962993,0.6333281993865967,0.6847066879272461
92,0.08857548485199611,0.5180040001869202,0.6847066879272461
93,0.08762873460849126,0.5589731335639954,0.6847066879272461
94,0.08379999299844106,0.6232638955116272,0.6847066879272461
95,0.08524684856335323,0.5030948519706726,0.6847066879272461
96,0.08402710159619649,0.7029054760932922,0.7029054760932922
97,0.07983584702014923,0.5783584713935852,0.7029054760932922
98,0.07797181606292725,0.5795266032218933,0.7029054760932922
99,0.07733432451883952,0.49267566204071045,0.7029054760932922
100,0.07559255262215932,0.6167157292366028,0.7029054760932922
