1,7.3196941614151,0.0,0
2,6.255890727043152,0.0,0
3,5.393569827079773,0.0,0
4,4.666681408882141,0.0,0
5,4.0759419202804565,0.0,0
6,3.594616413116455,0.0,0
7,3.2485808730125427,0.0,0
8,2.9816311597824097,0.0,0
9,2.7813567519187927,0.0,0
10,2.638950288295746,0.0,0
11,2.5169816315174103,0.0,0
12,2.4237039983272552,0.0,0
13,2.333760529756546,0.0,0
14,2.2458497881889343,0.0,0
15,2.1897568702697754,0.0,0
16,2.1270613968372345,0.0,0
17,2.068613052368164,0.0,0
18,2.005624145269394,0.0,0
19,1.955017328262329,0.0,0
20,1.901041328907013,0.0,0
21,1.854533612728119,0.0,0
22,1.8028423488140106,0.0,0
23,1.7613054811954498,0.0,0
24,1.713105469942093,0.0,0
25,1.6719819605350494,0.0,0
26,1.6272376775741577,0.0,0
27,1.584099918603897,0.0,0
28,1.542872667312622,0.0,0
29,1.5026529878377914,0.0,0
30,1.4648771733045578,0.0,0
31,1.4280367493629456,0.0,0
32,1.3938027322292328,0.0,0
33,1.3598437011241913,0.0,0
34,1.3193136304616928,0.0,0
35,1.2835709750652313,0.0,0
36,1.246272325515747,0.0,0
37,1.2189730554819107,0.0,0
38,1.1840263158082962,0.0,0
39,1.155088648200035,0.0,0
40,1.118708722293377,0.0,0
41,1.0865102261304855,0.0,0
42,1.059520661830902,0.0,0
43,1.02675162255764,0.0,0
44,1.008199267089367,0.0,0
45,0.9738068282604218,0.0,0
46,0.943050891160965,0.0,0
47,0.9122084528207779,0.0,0
48,0.8940092027187347,0.0,0
49,0.8633918464183807,0.0,0
50,0.8334315866231918,0.0,0
51,0.8117186278104782,0.0,0
52,0.7871752828359604,0.0,0
53,0.762734979391098,0.049459513276815414,0.049459513276815414
54,0.7333357632160187,0.0,0.049459513276815414
55,0.7125993594527245,0.0,0.049459513276815414
56,0.6956438049674034,0.08027439564466476,0.08027439564466476
57,0.6761362999677658,0.0,0.08027439564466476
58,0.6513747237622738,0.0,0.08027439564466476
59,0.6327622272074223,0.0,0.08027439564466476
60,0.6096316426992416,0.0,0.08027439564466476
61,0.5938617065548897,0.0,0.08027439564466476
62,0.5715425461530685,0.0,0.08027439564466476
63,0.554660364985466,0.0,0.08027439564466476
64,0.5406492240726948,0.0,0.08027439564466476
65,0.5187476426362991,0.0,0.08027439564466476
66,0.5012983046472073,0.0,0.08027439564466476
67,0.48761262744665146,0.0,0.08027439564466476
68,0.46603677421808243,0.1096346527338028,0.1096346527338028
69,0.4543306715786457,0.0,0.1096346527338028
70,0.4351600930094719,0.0,0.1096346527338028
71,0.4270719960331917,0.09089644998311996,0.1096346527338028
72,0.4104314185678959,0.0,0.1096346527338028
73,0.3940042480826378,0.051858119666576385,0.1096346527338028
74,0.3834179975092411,0.0,0.1096346527338028
75,0.3710585683584213,0.09237521886825562,0.1096346527338028
76,0.3585803396999836,0.0680374875664711,0.1096346527338028
77,0.3459560852497816,0.08618378639221191,0.1096346527338028
78,0.3375857286155224,0.0,0.1096346527338028
79,0.3237319439649582,0.0,0.1096346527338028
80,0.3154422156512737,0.0,0.1096346527338028
81,0.30503037199378014,0.1203344538807869,0.1203344538807869
82,0.29508450627326965,0.0,0.1203344538807869
83,0.28442561253905296,0.0,0.1203344538807869
84,0.27396844513714314,0.0,0.1203344538807869
85,0.26507152803242207,0.0,0.1203344538807869
86,0.2580405566841364,0.0,0.1203344538807869
87,0.2502470873296261,0.0,0.1203344538807869
88,0.2458144761621952,0.0,0.1203344538807869
89,0.234843036159873,0.0,0.1203344538807869
90,0.2256067804992199,0.06507187336683273,0.1203344538807869
91,0.222624184563756,0.0,0.1203344538807869
92,0.21118031069636345,0.0,0.1203344538807869
93,0.20327327959239483,0.0,0.1203344538807869
94,0.19874129071831703,0.0,0.1203344538807869
95,0.19587018713355064,0.11239758878946304,0.1203344538807869
96,0.1858030054718256,0.09423105418682098,0.1203344538807869
97,0.17820114456117153,0.0,0.1203344538807869
98,0.17344886995851994,0.07867296785116196,0.1203344538807869
99,0.17077164351940155,0.09415328502655029,0.1203344538807869
100,0.16437681391835213,0.09285431355237961,0.1203344538807869
