1,7.448660135269165,0.0,0
2,6.4408334493637085,0.0,0
3,5.656839966773987,0.0,0
4,4.943552613258362,0.0,0
5,4.316924214363098,0.0,0
6,3.775020182132721,0.0,0
7,3.3416120409965515,0.0,0
8,3.003361701965332,0.0,0
9,2.7470536828041077,0.0,0
10,2.5584806203842163,0.0,0
11,2.411964774131775,0.0,0
12,2.292742609977722,0.0,0
13,2.1876004338264465,0.0,0
14,2.1020714938640594,0.0,0
15,2.018662214279175,0.0,0
16,1.9560217559337616,0.0,0
17,1.8944354951381683,0.0,0
18,1.8144567608833313,0.0,0
19,1.7499075531959534,0.0,0
20,1.6945926249027252,0.0,0
21,1.6363712549209595,0.0,0
22,1.5819193720817566,0.0,0
23,1.5415347814559937,0.0,0
24,1.4835937917232513,0.10335815697908401,0.10335815697908401
25,1.4281741380691528,0.0,0.10335815697908401
26,1.3788379430770874,0.09726142883300781,0.10335815697908401
27,1.3389165699481964,0.0,0.10335815697908401
28,1.289245292544365,0.0,0.10335815697908401
29,1.242401510477066,0.0,0.10335815697908401
30,1.2042840868234634,0.0,0.10335815697908401
31,1.1599886417388916,0.0,0.10335815697908401
32,1.118828758597374,0.0,0.10335815697908401
33,1.0873249024152756,0.0,0.10335815697908401
34,1.0478095412254333,0.10333161801099777,0.10335815697908401
35,1.004554696381092,0.049686308950185776,0.10335815697908401
36,0.9729379266500473,0.052479714155197144,0.10335815697908401
37,0.929312951862812,0.0,0.10335815697908401
38,0.9010300412774086,0.0,0.10335815697908401
39,0.8666502460837364,0.058273784816265106,0.10335815697908401
40,0.8359539359807968,0.0,0.10335815697908401
41,0.8021763265132904,0.09787405282258987,0.10335815697908401
42,0.7741789296269417,0.0,0.10335815697908401
43,0.7467681728303432,0.0,0.10335815697908401
44,0.7139791622757912,0.0,0.10335815697908401
45,0.6854914128780365,0.09980891644954681,0.10335815697908401
46,0.656424455344677,0.1117393895983696,0.1117393895983696
47,0.6303156800568104,0.10030633211135864,0.1117393895983696
48,0.6090293079614639,0.09374409914016724,0.1117393895983696
49,0.5866120606660843,0.0,0.1117393895983696
50,0.5601246170699596,0.0,0.1117393895983696
51,0.5380297005176544,0.0,0.1117393895983696
52,0.511201661080122,0.0,0.1117393895983696
53,0.4921956732869148,0.10149110853672028,0.1117393895983696
54,0.4677004963159561,0.0,0.1117393895983696
55,0.4488616846501827,0.1383054405450821,0.1383054405450821
56,0.43199336528778076,0.0,0.1383054405450821
57,0.41224121674895287,0.0,0.1383054405450821
58,0.39270778745412827,0.0874505341053009,0.1383054405450821
59,0.3756439946591854,0.0,0.1383054405450821
60,0.36444664373993874,0.10594967752695084,0.1383054405450821
61,0.3529668040573597,0.0,0.1383054405450821
62,0.32879636995494366,0.041170936077833176,0.1383054405450821
63,0.3212475962936878,0.0,0.1383054405450821
64,0.3064473159611225,0.07751843333244324,0.1383054405450821
65,0.2943194843828678,0.1878228783607483,0.1878228783607483
66,0.278304873034358,0.10475432872772217,0.1878228783607483
67,0.2672391999512911,0.0,0.1878228783607483
68,0.26026856899261475,0.0,0.1878228783607483
69,0.2473235595971346,0.04638851061463356,0.1878228783607483
70,0.23683414980769157,0.05415497347712517,0.1878228783607483
71,0.23405179753899574,0.0,0.1878228783607483
72,0.22550052031874657,0.0,0.1878228783607483
73,0.2130675483494997,0.0,0.1878228783607483
74,0.20447510108351707,0.12680938839912415,0.1878228783607483
75,0.19751566462218761,0.06524866819381714,0.1878228783607483
76,0.18619657680392265,0.16537900269031525,0.1878228783607483
77,0.1812356449663639,0.05189048498868942,0.1878228783607483
78,0.17625358328223228,0.0,0.1878228783607483
79,0.1634222473949194,0.0,0.1878228783607483
80,0.1608501486480236,0.17407968640327454,0.1878228783607483
81,0.15639423299580812,0.0,0.1878228783607483
82,0.1502918442711234,0.05868138000369072,0.1878228783607483
83,0.14509991370141506,0.07041390985250473,0.1878228783607483
84,0.13736776914447546,0.10217450559139252,0.1878228783607483
85,0.13792903162539005,0.07859040796756744,0.1878228783607483
86,0.12949453108012676,0.0,0.1878228783607483
87,0.12772218883037567,0.0,0.1878228783607483
88,0.12340500764548779,0.10223549604415894,0.1878228783607483
89,0.12014186568558216,0.0,0.1878228783607483
90,0.11140586994588375,0.1532299965620041,0.1878228783607483
91,0.10880264826118946,0.11480160057544708,0.1878228783607483
92,0.10767348669469357,0.0,0.1878228783607483
93,0.10558024141937494,0.1100602075457573,0.1878228783607483
94,0.10319512337446213,0.10738324373960495,0.1878228783607483
95,0.09707769565284252,0.0,0.1878228783607483
96,0.09476781357079744,0.18722735345363617,0.1878228783607483
97,0.09222883358597755,0.05375061556696892,0.1878228783607483
98,0.08910513762384653,0.0,0.1878228783607483
99,0.08718947414308786,0.05732675641775131,0.1878228783607483
100,0.08407446183264256,0.111003577709198,0.1878228783607483
