1,7.149392485618591,0.0,0
2,6.091522932052612,0.0,0
3,5.269792675971985,0.0,0
4,4.535107851028442,0.0,0
5,3.9552921652793884,0.0,0
6,3.5139241218566895,0.0,0
7,3.169554829597473,0.0,0
8,2.911638557910919,0.0,0
9,2.705461621284485,0.0,0
10,2.5416594743728638,0.0,0
11,2.4123032689094543,0.0,0
12,2.299175977706909,0.0,0
13,2.1989005506038666,0.0,0
14,2.1244163513183594,0.0,0
15,2.0584155321121216,0.0,0
16,1.9814290702342987,0.0,0
17,1.9176090359687805,0.0,0
18,1.856963574886322,0.0,0
19,1.797646552324295,0.0,0
20,1.7459314167499542,0.0,0
21,1.6987313628196716,0.0,0
22,1.635349690914154,0.0,0
23,1.5836111307144165,0.0,0
24,1.5346370190382004,0.0,0
25,1.487521454691887,0.0,0
26,1.447984740138054,0.0,0
27,1.4063187688589096,0.0,0
28,1.3547248095273972,0.0,0
29,1.3100983202457428,0.0,0
30,1.2758108526468277,0.0,0
31,1.2390714287757874,0.0,0
32,1.200094223022461,0.044734880328178406,0.044734880328178406
33,1.1570818424224854,0.04811106249690056,0.04811106249690056
34,1.1249123439192772,0.0,0.04811106249690056
35,1.0958018153905869,0.0,0.04811106249690056
36,1.0606424510478973,0.0,0.04811106249690056
37,1.0231761038303375,0.05271182581782341,0.05271182581782341
38,0.9975422620773315,0.0,0.05271182581782341
39,0.9610741063952446,0.0,0.05271182581782341
40,0.9323563128709793,0.0,0.05271182581782341
41,0.9015281945466995,0.05754072591662407,0.05754072591662407
42,0.8751005679368973,0.09355638921260834,0.09355638921260834
43,0.8518798351287842,0.0,0.09355638921260834
44,0.82292889803648,0.044378116726875305,0.09355638921260834
45,0.795827928930521,0.0,0.09355638921260834
46,0.7679467126727104,0.0,0.09355638921260834
47,0.7420780323445797,0.0,0.09355638921260834
48,0.7181248776614666,0.0,0.09355638921260834
49,0.6911957859992981,0.0,0.09355638921260834
50,0.6758306249976158,0.0468396320939064,0.09355638921260834
51,0.6474722139537334,0.0,0.09355638921260834
52,0.6250745132565498,0.0,0.09355638921260834
53,0.6075559929013252,0.0,0.09355638921260834
54,0.58690220490098,0.040580976754426956,0.09355638921260834
55,0.5630475990474224,0.0,0.09355638921260834
56,0.5429146513342857,0.06273388117551804,0.09355638921260834
57,0.5246037766337395,0.0,0.09355638921260834
58,0.5058553889393806,0.0,0.09355638921260834
59,0.4867274574935436,0.0,0.09355638921260834
60,0.47667646780610085,0.0,0.09355638921260834
61,0.4562051557004452,0.0,0.09355638921260834
62,0.43727079033851624,0.07032754272222519,0.09355638921260834
63,0.4199452456086874,0.06090904027223587,0.09355638921260834
64,0.4076142739504576,0.0,0.09355638921260834
65,0.38903523050248623,0.0,0.09355638921260834
66,0.3755497336387634,0.04779510572552681,0.09355638921260834
67,0.36984649300575256,0.0,0.09355638921260834
68,0.3563698995858431,0.0,0.09355638921260834
69,0.33786673098802567,0.04711554944515228,0.09355638921260834
70,0.3318558391183615,0.0,0.09355638921260834
71,0.32178523764014244,0.05254664644598961,0.09355638921260834
72,0.30778505466878414,0.0,0.09355638921260834
73,0.29859727807343006,0.0966147854924202,0.0966147854924202
74,0.2875554468482733,0.0,0.0966147854924202
75,0.281319672241807,0.0,0.0966147854924202
76,0.2643573973327875,0.0,0.0966147854924202
77,0.26194121316075325,0.0,0.0966147854924202
78,0.2528236694633961,0.05989343300461769,0.0966147854924202
79,0.2425751406699419,0.0631520226597786,0.0966147854924202
80,0.23339686077088118,0.06453841179609299,0.0966147854924202
81,0.22491751983761787,0.0837397500872612,0.0966147854924202
82,0.22126168757677078,0.0,0.0966147854924202
83,0.21530464850366116,0.0,0.0966147854924202
84,0.20373945124447346,0.0,0.0966147854924202
85,0.1989184319972992,0.0,0.0966147854924202
86,0.19259495940059423,0.08086387068033218,0.0966147854924202
87,0.18637158628553152,0.041743986308574677,0.0966147854924202
88,0.18033584393560886,0.08335068076848984,0.0966147854924202
89,0.1732709901407361,0.0,0.0966147854924202
90,0.16914394963532686,0.06466936320066452,0.0966147854924202
91,0.16055311914533377,0.0,0.0966147854924202
92,0.15935914311558008,0.06048035994172096,0.0966147854924202
93,0.15443792939186096,0.0,0.0966147854924202
94,0.148630041629076,0.05492560938000679,0.0966147854924202
95,0.14633607491850853,0.06860862672328949,0.0966147854924202
96,0.13993853889405727,0.0,0.0966147854924202
97,0.1354251652956009,0.0,0.0966147854924202
98,0.13302679173648357,0.0,0.0966147854924202
99,0.12814262695610523,0.0,0.0966147854924202
100,0.12282695900648832,0.0,0.0966147854924202
