1,7.729487419128418,0.0,0
2,7.320924758911133,0.0,0
3,6.949955463409424,0.0,0
4,6.588238716125488,0.0,0
5,6.287661552429199,0.0,0
6,6.002996444702148,0.0,0
7,5.761546611785889,0.0,0
8,5.505425930023193,0.0,0
9,5.258974552154541,0.0,0
10,5.032526969909668,0.0,0
11,4.85197114944458,0.0,0
12,4.636181831359863,0.0,0
13,4.438971042633057,0.0,0
14,4.262717247009277,0.0,0
15,4.098407745361328,0.0,0
16,3.8939602375030518,0.0,0
17,3.6833529472351074,0.0,0
18,3.540940284729004,0.0,0
19,3.373762845993042,0.0,0
20,3.211779832839966,0.0,0
21,3.0594403743743896,0.0,0
22,2.9446287155151367,0.0,0
23,2.8195245265960693,0.0,0
24,2.6946959495544434,0.0,0
25,2.576808452606201,0.0,0
26,2.480120897293091,0.0,0
27,2.3782224655151367,0.0,0
28,2.3002424240112305,0.0,0
29,2.1984293460845947,0.0,0
30,2.119271755218506,0.0,0
31,2.0303232669830322,0.0,0
32,1.9700913429260254,0.0,0
33,1.895481824874878,0.0,0
34,1.8323440551757812,0.0,0
35,1.748930811882019,0.0,0
36,1.6862897872924805,0.0,0
37,1.6164687871932983,0.0,0
38,1.5567697286605835,0.0,0
39,1.529633641242981,0.0,0
40,1.4763705730438232,0.0,0
41,1.424146294593811,0.0,0
42,1.3763962984085083,0.0,0
43,1.331835150718689,0.0,0
44,1.2935113906860352,0.0,0
45,1.2756212949752808,0.0,0
46,1.2283549308776855,0.0,0
47,1.1817741394042969,0.0,0
48,1.151789665222168,0.0,0
49,1.1196914911270142,0.0,0
50,1.0853506326675415,0.0,0
51,1.0555475950241089,0.0,0
52,1.028856873512268,0.0,0
53,0.9932268261909485,0.0,0
54,0.9790756702423096,0.0,0
55,0.9380462765693665,0.0,0
56,0.9152709245681763,0.1074511855840683,0.1074511855840683
57,0.896699845790863,0.0,0.1074511855840683
58,0.8573521375656128,0.0,0.1074511855840683
59,0.8279975056648254,0.0,0.1074511855840683
60,0.8273367285728455,0.0,0.1074511855840683
61,0.8006876111030579,0.0,0.1074511855840683
62,0.7717763781547546,0.0,0.1074511855840683
63,0.7504335641860962,0.0,0.1074511855840683
64,0.7264617681503296,0.0,0.1074511855840683
65,0.7012849450111389,0.0,0.1074511855840683
66,0.6919737458229065,0.0,0.1074511855840683
67,0.672436535358429,0.0,0.1074511855840683
68,0.6490124464035034,0.0,0.1074511855840683
69,0.6376221776008606,0.0,0.1074511855840683
70,0.6233766078948975,0.0,0.1074511855840683
71,0.6053540706634521,0.0,0.1074511855840683
72,0.5732582807540894,0.0,0.1074511855840683
73,0.5653917789459229,0.0,0.1074511855840683
74,0.5451748967170715,0.0,0.1074511855840683
75,0.5276234149932861,0.0,0.1074511855840683
76,0.5095579624176025,0.0,0.1074511855840683
77,0.5007941126823425,0.0,0.1074511855840683
78,0.47964099049568176,0.0,0.1074511855840683
79,0.46934279799461365,0.0,0.1074511855840683
80,0.4540369510650635,0.0,0.1074511855840683
81,0.4422925114631653,0.0,0.1074511855840683
82,0.4370785057544708,0.0,0.1074511855840683
83,0.41760557889938354,0.0,0.1074511855840683
84,0.4037715792655945,0.0,0.1074511855840683
85,0.4033561050891876,0.0,0.1074511855840683
86,0.38967201113700867,0.0,0.1074511855840683
87,0.3743661642074585,0.0,0.1074511855840683
88,0.36545059084892273,0.0,0.1074511855840683
89,0.3515004813671112,0.0,0.1074511855840683
90,0.34163764119148254,0.0,0.1074511855840683
91,0.33216559886932373,0.0,0.1074511855840683
92,0.326084703207016,0.0,0.1074511855840683
93,0.3117210865020752,0.0,0.1074511855840683
94,0.3079812228679657,0.0,0.1074511855840683
95,0.30470147728919983,0.0,0.1074511855840683
96,0.28767576813697815,0.0,0.1074511855840683
97,0.2789936065673828,0.08264225721359253,0.1074511855840683
98,0.2753067910671234,0.0,0.1074511855840683
99,0.26945021748542786,0.0,0.1074511855840683
100,0.2541697025299072,0.0,0.1074511855840683
