1,2.367730587159163,0.06413473933935165,0.06413473933935165
2,1.6961584051492307,0.10768499970436096,0.10768499970436096
3,1.4421672802344077,0.1447278968989849,0.1447278968989849
4,1.262940604855949,0.25484882295131683,0.25484882295131683
5,1.128890481783908,0.24146264605224133,0.25484882295131683
6,1.0255086110396814,0.2809626888483763,0.2809626888483763
7,0.9409040891160754,0.24066496640443802,0.2809626888483763
8,0.8705325603138501,0.35824697464704514,0.35824697464704514
9,0.8113823196292844,0.29381145536899567,0.35824697464704514
10,0.7611065295318904,0.3254927657544613,0.35824697464704514
11,0.7180108320932876,0.44764770567417145,0.44764770567417145
12,0.679119112386003,0.38662873208522797,0.44764770567417145
13,0.6462892385656733,0.5129418298602104,0.5129418298602104
14,0.6179281390867525,0.31144285202026367,0.5129418298602104
15,0.591664515790141,0.4366477429866791,0.5129418298602104
16,0.56956939058598,0.38055991381406784,0.5129418298602104
17,0.5501510868214944,0.3879489414393902,0.5129418298602104
18,0.5324950533546108,0.454387579113245,0.5129418298602104
19,0.5156736460592896,0.42159609496593475,0.5129418298602104
20,0.501032089333032,0.4302057921886444,0.5129418298602104
21,0.486437106092033,0.4338328465819359,0.5129418298602104
22,0.4742215441734375,0.42530905455350876,0.5129418298602104
23,0.4633822013972947,0.5154999420046806,0.5154999420046806
24,0.4528099858343331,0.5047067478299141,0.5154999420046806
25,0.44270339167654005,0.47766780853271484,0.5154999420046806
26,0.4341174338662249,0.5591630861163139,0.5591630861163139
27,0.42525206545999633,0.4903780072927475,0.5591630861163139
28,0.41701609802832296,0.41777991503477097,0.5591630861163139
29,0.40923439849751064,0.4138038866221905,0.5591630861163139
30,0.4013148488220749,0.4383845590054989,0.5591630861163139
31,0.3939854959348234,0.4955311119556427,0.5591630861163139
32,0.3880857792299019,0.3891724497079849,0.5591630861163139
33,0.38229808130116794,0.5555696561932564,0.5591630861163139
34,0.37616926051172184,0.529339537024498,0.5591630861163139
35,0.37049120079979014,0.5670343115925789,0.5670343115925789
36,0.36490642741176316,0.48778990656137466,0.5670343115925789
37,0.36005586313269977,0.5254429206252098,0.5670343115925789
38,0.3544296565373467,0.43236473202705383,0.5670343115925789
39,0.3512567006424731,0.5992458462715149,0.5992458462715149
40,0.34643410548489706,0.5289564877748489,0.5992458462715149
41,0.34130466670328585,0.5121913105249405,0.5992458462715149
42,0.33787949683700746,0.5500577017664909,0.5992458462715149
43,0.333157006782454,0.5305504128336906,0.5992458462715149
44,0.3292339530641296,0.5512499511241913,0.5992458462715149
45,0.3268707126762786,0.5412339866161346,0.5992458462715149
46,0.3222641306157098,0.6215448677539825,0.6215448677539825
47,0.3191314039986193,0.5030112415552139,0.6215448677539825
48,0.3154485462776386,0.5701483339071274,0.6215448677539825
49,0.31202852020864064,0.6270450577139854,0.6270450577139854
50,0.30890844755503105,0.5209251791238785,0.6270450577139854
51,0.30630467932914246,0.5201489180326462,0.6270450577139854
52,0.3031585679350833,0.48301228508353233,0.6270450577139854
53,0.29946720131928983,0.6035269647836685,0.6270450577139854
54,0.29711867381142465,0.5978057384490967,0.6270450577139854
55,0.29390135738369894,0.44883281737565994,0.6270450577139854
56,0.29117947500455743,0.5780117511749268,0.6270450577139854
57,0.2874679016271975,0.5746536329388618,0.6270450577139854
58,0.2862641647349179,0.549728736281395,0.6270450577139854
59,0.2835189851520492,0.5773128271102905,0.6270450577139854
60,0.2799761031266124,0.5373714864253998,0.6270450577139854
61,0.27792965470028663,0.5484190508723259,0.6270450577139854
62,0.2751974716858073,0.5574188828468323,0.6270450577139854
63,0.2720261914272324,0.5630987659096718,0.6270450577139854
64,0.2709379647641669,0.5493826866149902,0.6270450577139854
65,0.26840205682647117,0.6300074681639671,0.6300074681639671
66,0.26484897481753483,0.5266678333282471,0.6300074681639671
67,0.26285219129937176,0.5719152167439461,0.6300074681639671
68,0.2607116871932428,0.5532950907945633,0.6300074681639671
69,0.25841978268800936,0.6236221343278885,0.6300074681639671
70,0.2569604017680392,0.5555201396346092,0.6300074681639671
71,0.2538497830647304,0.5345035567879677,0.6300074681639671
72,0.2527845017314888,0.5684631839394569,0.6300074681639671
73,0.24975884609756446,0.6103830188512802,0.6300074681639671
74,0.24737111996591887,0.516281321644783,0.6300074681639671
75,0.24506676558749618,0.5488387495279312,0.6300074681639671
76,0.2434223033293733,0.5759294405579567,0.6300074681639671
77,0.24227307122258554,0.6178360879421234,0.6300074681639671
78,0.23978933750855125,0.6159644573926926,0.6300074681639671
79,0.23742413638051021,0.6465615183115005,0.6465615183115005
80,0.235599416639924,0.5897214487195015,0.6465615183115005
81,0.23372433381341146,0.6091525182127953,0.6465615183115005
82,0.23186713994146188,0.5697612389922142,0.6465615183115005
83,0.22965175634955437,0.5651057958602905,0.6465615183115005
84,0.22832577210596786,0.554260604083538,0.6465615183115005
85,0.22529198035393422,0.6002907752990723,0.6465615183115005
86,0.22337298747333983,0.6214442253112793,0.6465615183115005
87,0.2212480164405824,0.5551557913422585,0.6465615183115005
88,0.21906359679942838,0.6426775008440018,0.6465615183115005
89,0.2179918490558936,0.5996456295251846,0.6465615183115005
90,0.21628177302557217,0.5436107218265533,0.6465615183115005
91,0.21398003646459973,0.6752664148807526,0.6752664148807526
92,0.21215577909072536,0.5752870142459869,0.6752664148807526
93,0.21015073351076136,0.5872880965471268,0.6752664148807526
94,0.20934433052785623,0.6147579401731491,0.6752664148807526
95,0.20676088368883028,0.6222710609436035,0.6752664148807526
96,0.2063167994399882,0.6633816212415695,0.6752664148807526
97,0.2038006704289352,0.5918296948075294,0.6752664148807526
98,0.20281547549648196,0.569978728890419,0.6752664148807526
99,0.20075558519560055,0.679689422249794,0.679689422249794
100,0.1986206595821401,0.578044131398201,0.679689422249794
