1,5.530302047729492,0.0,0
2,5.279922008514404,0.0,0
3,5.007920265197754,0.0,0
4,4.715104579925537,0.0,0
5,4.484528064727783,0.0,0
6,4.291459560394287,0.0,0
7,4.096242904663086,0.0,0
8,3.8961541652679443,0.0,0
9,3.676861524581909,0.0,0
10,3.514475107192993,0.0,0
11,3.299468994140625,0.0,0
12,3.1340036392211914,0.0,0
13,2.9790384769439697,0.0,0
14,2.804957866668701,0.0,0
15,2.6711602210998535,0.0,0
16,2.5271778106689453,0.037152327597141266,0.037152327597141266
17,2.3916406631469727,0.0,0.037152327597141266
18,2.288640022277832,0.0,0.037152327597141266
19,2.1679952144622803,0.0,0.037152327597141266
20,2.0480453968048096,0.0,0.037152327597141266
21,1.9451079368591309,0.0,0.037152327597141266
22,1.8529521226882935,0.0,0.037152327597141266
23,1.760166883468628,0.05012553930282593,0.05012553930282593
24,1.6575578451156616,0.0,0.05012553930282593
25,1.6234996318817139,0.0,0.05012553930282593
26,1.5475207567214966,0.0,0.05012553930282593
27,1.4443254470825195,0.0,0.05012553930282593
28,1.3829782009124756,0.0,0.05012553930282593
29,1.3310471773147583,0.0,0.05012553930282593
30,1.2865715026855469,0.0848974883556366,0.0848974883556366
31,1.2172117233276367,0.06005045771598816,0.0848974883556366
32,1.1526037454605103,0.0,0.0848974883556366
33,1.1082204580307007,0.12379949539899826,0.12379949539899826
34,1.0474581718444824,0.045445483177900314,0.12379949539899826
35,1.0310659408569336,0.09007947146892548,0.12379949539899826
36,0.9603683948516846,0.055273402482271194,0.12379949539899826
37,0.9182611703872681,0.09378393739461899,0.12379949539899826
38,0.9005631804466248,0.08551744371652603,0.12379949539899826
39,0.8311265707015991,0.09958064556121826,0.12379949539899826
40,0.7966936230659485,0.14664657413959503,0.14664657413959503
41,0.7851548194885254,0.0,0.14664657413959503
42,0.738667368888855,0.0,0.14664657413959503
43,0.7170823812484741,0.10845185816287994,0.14664657413959503
44,0.672252893447876,0.13879689574241638,0.14664657413959503
45,0.637371301651001,0.0,0.14664657413959503
46,0.6068999171257019,0.09925410896539688,0.14664657413959503
47,0.5862659811973572,0.14385049045085907,0.14664657413959503
48,0.556073009967804,0.07136364281177521,0.14664657413959503
49,0.530996561050415,0.07769261300563812,0.14664657413959503
50,0.5259101390838623,0.12013774365186691,0.14664657413959503
51,0.4907098412513733,0.10669023543596268,0.14664657413959503
52,0.47575950622558594,0.13586977124214172,0.14664657413959503
53,0.44684261083602905,0.0336439348757267,0.14664657413959503
54,0.4296737313270569,0.10181766748428345,0.14664657413959503
55,0.4313618540763855,0.19327105581760406,0.19327105581760406
56,0.3895246386528015,0.12263805419206619,0.19327105581760406
57,0.3758464753627777,0.0984141081571579,0.19327105581760406
58,0.39139968156814575,0.1292700171470642,0.19327105581760406
59,0.35312896966934204,0.1742151975631714,0.19327105581760406
60,0.3441188931465149,0.0965302586555481,0.19327105581760406
61,0.33325642347335815,0.17685797810554504,0.19327105581760406
62,0.3195684850215912,0.0,0.19327105581760406
63,0.2945563793182373,0.18718506395816803,0.19327105581760406
64,0.288219690322876,0.1600632518529892,0.19327105581760406
65,0.28334808349609375,0.14661835134029388,0.19327105581760406
66,0.2727329730987549,0.15299615263938904,0.19327105581760406
67,0.26183491945266724,0.16047213971614838,0.19327105581760406
68,0.25276345014572144,0.0621923953294754,0.19327105581760406
69,0.2444133758544922,0.10667650401592255,0.19327105581760406
70,0.2314034104347229,0.13337892293930054,0.19327105581760406
71,0.21999891102313995,0.15444038808345795,0.19327105581760406
72,0.21927057206630707,0.1663161814212799,0.19327105581760406
73,0.21225899457931519,0.07549956440925598,0.19327105581760406
74,0.20668438076972961,0.15801110863685608,0.19327105581760406
75,0.1995059847831726,0.18375641107559204,0.19327105581760406
76,0.19443900883197784,0.11611077189445496,0.19327105581760406
77,0.18601351976394653,0.10892581194639206,0.19327105581760406
78,0.18563272058963776,0.0,0.19327105581760406
79,0.17648158967494965,0.19360581040382385,0.19360581040382385
80,0.17568185925483704,0.07194089889526367,0.19360581040382385
81,0.17094416916370392,0.25168582797050476,0.25168582797050476
82,0.16991057991981506,0.08594287186861038,0.25168582797050476
83,0.15459789335727692,0.1324554830789566,0.25168582797050476
84,0.15556876361370087,0.10096222907304764,0.25168582797050476
85,0.1451522558927536,0.12560024857521057,0.25168582797050476
86,0.1511925905942917,0.2020406574010849,0.25168582797050476
87,0.13884586095809937,0.11268992722034454,0.25168582797050476
88,0.13646593689918518,0.2209414839744568,0.25168582797050476
89,0.13286371529102325,0.05769148841500282,0.25168582797050476
90,0.1374228596687317,0.09532968699932098,0.25168582797050476
91,0.1255282610654831,0.1028674840927124,0.25168582797050476
92,0.12903837859630585,0.07130192220211029,0.25168582797050476
93,0.11668344587087631,0.20061863958835602,0.25168582797050476
94,0.11726962774991989,0.10856602340936661,0.25168582797050476
95,0.11627519875764847,0.13586567342281342,0.25168582797050476
96,0.11023258417844772,0.09466676414012909,0.25168582797050476
97,0.11048668622970581,0.17510992288589478,0.25168582797050476
98,0.11339150369167328,0.1391976773738861,0.25168582797050476
99,0.10172022879123688,0.07635602355003357,0.25168582797050476
100,0.10181666165590286,0.2474457323551178,0.25168582797050476
