1,5.4083251953125,0.0,0
2,5.1581268310546875,0.0,0
3,4.883833408355713,0.0,0
4,4.677741527557373,0.0,0
5,4.507045745849609,0.0,0
6,4.294713497161865,0.0,0
7,4.134454727172852,0.0,0
8,3.964463472366333,0.0,0
9,3.750941514968872,0.0,0
10,3.634877920150757,0.0,0
11,3.4802188873291016,0.0,0
12,3.3575284481048584,0.0,0
13,3.1763904094696045,0.0,0
14,3.0716521739959717,0.0,0
15,2.951597213745117,0.0,0
16,2.8261239528656006,0.0,0
17,2.744607925415039,0.0,0
18,2.6364212036132812,0.0,0
19,2.5161702632904053,0.0,0
20,2.4392380714416504,0.0,0
21,2.3609609603881836,0.0,0
22,2.2592411041259766,0.0,0
23,2.1803183555603027,0.046967290341854095,0.046967290341854095
24,2.1301896572113037,0.04877394437789917,0.04877394437789917
25,2.0192618370056152,0.04148459434509277,0.04877394437789917
26,1.936578631401062,0.053945425897836685,0.053945425897836685
27,1.8794325590133667,0.10029803216457367,0.10029803216457367
28,1.7954891920089722,0.0,0.10029803216457367
29,1.7268489599227905,0.07654798030853271,0.10029803216457367
30,1.6731380224227905,0.0,0.10029803216457367
31,1.6003118753433228,0.059672705829143524,0.10029803216457367
32,1.5757231712341309,0.09357432276010513,0.10029803216457367
33,1.524446725845337,0.0,0.10029803216457367
34,1.4259685277938843,0.0,0.10029803216457367
35,1.378393292427063,0.0,0.10029803216457367
36,1.3235528469085693,0.0,0.10029803216457367
37,1.2692536115646362,0.09538747370243073,0.10029803216457367
38,1.211574912071228,0.10913652926683426,0.10913652926683426
39,1.1933523416519165,0.11967898905277252,0.11967898905277252
40,1.1232284307479858,0.1655387431383133,0.1655387431383133
41,1.0939102172851562,0.09002727270126343,0.1655387431383133
42,1.0442432165145874,0.08627451211214066,0.1655387431383133
43,1.0167442560195923,0.0,0.1655387431383133
44,0.9894092082977295,0.043008141219615936,0.1655387431383133
45,0.9348863363265991,0.12333254516124725,0.1655387431383133
46,0.9002310037612915,0.08028434962034225,0.1655387431383133
47,0.846520185470581,0.0,0.1655387431383133
48,0.8399796485900879,0.12125283479690552,0.1655387431383133
49,0.8062139749526978,0.15342803299427032,0.1655387431383133
50,0.7857922315597534,0.043360352516174316,0.1655387431383133
51,0.7343248724937439,0.04243660345673561,0.1655387431383133
52,0.7120357751846313,0.11762212961912155,0.1655387431383133
53,0.6580854654312134,0.09246719628572464,0.1655387431383133
54,0.644023597240448,0.06525008380413055,0.1655387431383133
55,0.6156571507453918,0.20199105143547058,0.20199105143547058
56,0.603804349899292,0.12770089507102966,0.20199105143547058
57,0.5856597423553467,0.14066773653030396,0.20199105143547058
58,0.5465922951698303,0.13811495900154114,0.20199105143547058
59,0.5354516506195068,0.13929153978824615,0.20199105143547058
60,0.5129964351654053,0.13870340585708618,0.20199105143547058
61,0.4949072599411011,0.160431370139122,0.20199105143547058
62,0.4759197533130646,0.059309955686330795,0.20199105143547058
63,0.4642372131347656,0.19290311634540558,0.20199105143547058
64,0.4278993606567383,0.05462218075990677,0.20199105143547058
65,0.4263891875743866,0.13358743488788605,0.20199105143547058
66,0.4055028557777405,0.1622689813375473,0.20199105143547058
67,0.39513230323791504,0.21826228499412537,0.21826228499412537
68,0.3833938539028168,0.13811743259429932,0.21826228499412537
69,0.357533723115921,0.05559572950005531,0.21826228499412537
70,0.3435173034667969,0.12016095221042633,0.21826228499412537
71,0.3392515182495117,0.21255014836788177,0.21826228499412537
72,0.3208847939968109,0.15156561136245728,0.21826228499412537
73,0.3082246482372284,0.07516595721244812,0.21826228499412537
74,0.3144703209400177,0.11638379096984863,0.21826228499412537
75,0.28554871678352356,0.09703171253204346,0.21826228499412537
76,0.2752434015274048,0.2025604099035263,0.21826228499412537
77,0.2631033957004547,0.07778747379779816,0.21826228499412537
78,0.26687857508659363,0.0632224977016449,0.21826228499412537
79,0.2596682012081146,0.06514093279838562,0.21826228499412537
80,0.24968472123146057,0.21348267793655396,0.21826228499412537
81,0.2583658695220947,0.10967449098825455,0.21826228499412537
82,0.23284278810024261,0.12861207127571106,0.21826228499412537
83,0.2297244518995285,0.10134663432836533,0.21826228499412537
84,0.22412578761577606,0.08104871958494186,0.21826228499412537
85,0.21974605321884155,0.07025109231472015,0.21826228499412537
86,0.2106945663690567,0.10629583150148392,0.21826228499412537
87,0.20204490423202515,0.06940294802188873,0.21826228499412537
88,0.19733530282974243,0.11627931147813797,0.21826228499412537
89,0.19050046801567078,0.047333743423223495,0.21826228499412537
90,0.18469011783599854,0.12683546543121338,0.21826228499412537
91,0.18134929239749908,0.11115625500679016,0.21826228499412537
92,0.17685501277446747,0.22156499326229095,0.22156499326229095
93,0.17326824367046356,0.0,0.22156499326229095
94,0.1697991043329239,0.10978463292121887,0.22156499326229095
95,0.16249553859233856,0.058849312365055084,0.22156499326229095
96,0.15738758444786072,0.20059023797512054,0.22156499326229095
97,0.15456604957580566,0.1549040973186493,0.22156499326229095
98,0.15398235619068146,0.12960734963417053,0.22156499326229095
99,0.14637845754623413,0.06739775836467743,0.22156499326229095
100,0.14856213331222534,0.07143992930650711,0.22156499326229095
