1,5.456231117248535,0.0,0
2,5.06187105178833,0.0,0
3,4.759588241577148,0.0,0
4,4.540424346923828,0.0,0
5,4.235823154449463,0.0,0
6,3.9486823081970215,0.0,0
7,3.7673020362854004,0.0,0
8,3.559535026550293,0.0,0
9,3.371093511581421,0.0,0
10,3.2229528427124023,0.0,0
11,3.0081610679626465,0.0,0
12,2.905310869216919,0.0,0
13,2.7678682804107666,0.0,0
14,2.634155511856079,0.0,0
15,2.5337483882904053,0.0,0
16,2.4006900787353516,0.0,0
17,2.3285701274871826,0.0,0
18,2.244704008102417,0.0,0
19,2.155358076095581,0.0,0
20,2.071246862411499,0.048093196004629135,0.048093196004629135
21,2.0093882083892822,0.0,0.048093196004629135
22,1.9001399278640747,0.0,0.048093196004629135
23,1.8219691514968872,0.0,0.048093196004629135
24,1.8023498058319092,0.0,0.048093196004629135
25,1.7106858491897583,0.0,0.048093196004629135
26,1.6447539329528809,0.0,0.048093196004629135
27,1.587060570716858,0.0,0.048093196004629135
28,1.5167676210403442,0.06117522343993187,0.06117522343993187
29,1.473056674003601,0.06634382158517838,0.06634382158517838
30,1.411359429359436,0.03988311439752579,0.06634382158517838
31,1.357800006866455,0.0,0.06634382158517838
32,1.3139557838439941,0.06672053784132004,0.06672053784132004
33,1.2484259605407715,0.0904279351234436,0.0904279351234436
34,1.2042362689971924,0.0,0.0904279351234436
35,1.1750102043151855,0.0,0.0904279351234436
36,1.1267391443252563,0.0,0.0904279351234436
37,1.0761663913726807,0.0,0.0904279351234436
38,1.0271486043930054,0.0,0.0904279351234436
39,0.9853888750076294,0.0,0.0904279351234436
40,0.9266204237937927,0.0,0.0904279351234436
41,0.8718008399009705,0.0885465145111084,0.0904279351234436
42,0.8558330535888672,0.0675223246216774,0.0904279351234436
43,0.8191321492195129,0.09224268794059753,0.09224268794059753
44,0.8049399852752686,0.025863390415906906,0.09224268794059753
45,0.7615109086036682,0.08885493874549866,0.09224268794059753
46,0.7298550605773926,0.0,0.09224268794059753
47,0.6970312595367432,0.0692395567893982,0.09224268794059753
48,0.6491432189941406,0.05787975341081619,0.09224268794059753
49,0.6349014043807983,0.0,0.09224268794059753
50,0.6004602313041687,0.0713798925280571,0.09224268794059753
51,0.5854286551475525,0.14112120866775513,0.14112120866775513
52,0.5555123090744019,0.138153076171875,0.14112120866775513
53,0.5382058024406433,0.06776715815067291,0.14112120866775513
54,0.4950742721557617,0.09707831591367722,0.14112120866775513
55,0.49202221632003784,0.0,0.14112120866775513
56,0.4872446358203888,0.11081961542367935,0.14112120866775513
57,0.44729310274124146,0.07041678577661514,0.14112120866775513
58,0.424633264541626,0.11283846944570541,0.14112120866775513
59,0.40004390478134155,0.0,0.14112120866775513
60,0.39138472080230713,0.07992865145206451,0.14112120866775513
61,0.3704307973384857,0.13091744482517242,0.14112120866775513
62,0.38262516260147095,0.11938255280256271,0.14112120866775513
63,0.37306785583496094,0.11954446882009506,0.14112120866775513
64,0.33420196175575256,0.053100381046533585,0.14112120866775513
65,0.3148697018623352,0.045910198241472244,0.14112120866775513
66,0.30523648858070374,0.23441457748413086,0.23441457748413086
67,0.3161398768424988,0.0,0.23441457748413086
68,0.2828555405139923,0.0,0.23441457748413086
69,0.26956287026405334,0.08739069104194641,0.23441457748413086
70,0.2578165531158447,0.1152239739894867,0.23441457748413086
71,0.2582431435585022,0.11351615935564041,0.23441457748413086
72,0.23863670229911804,0.22960202395915985,0.23441457748413086
73,0.24023286998271942,0.12379946559667587,0.23441457748413086
74,0.22295184433460236,0.1403229832649231,0.23441457748413086
75,0.22404970228672028,0.11637105792760849,0.23441457748413086
76,0.21547973155975342,0.24670961499214172,0.24670961499214172
77,0.20191358029842377,0.03282322734594345,0.24670961499214172
78,0.19986850023269653,0.08317973464727402,0.24670961499214172
79,0.19019420444965363,0.13039091229438782,0.24670961499214172
80,0.18625907599925995,0.13270924985408783,0.24670961499214172
81,0.1723168045282364,0.09144626557826996,0.24670961499214172
82,0.1725584864616394,0.11691440641880035,0.24670961499214172
83,0.16844114661216736,0.08593609184026718,0.24670961499214172
84,0.16429086029529572,0.14611785113811493,0.24670961499214172
85,0.15880443155765533,0.03860089182853699,0.24670961499214172
86,0.15675300359725952,0.042594000697135925,0.24670961499214172
87,0.14487725496292114,0.06846166402101517,0.24670961499214172
88,0.14541994035243988,0.0547423803859204,0.24670961499214172
89,0.1460251659154892,0.05462218075990677,0.24670961499214172
90,0.1356462985277176,0.1388670653104782,0.24670961499214172
91,0.13155250251293182,0.18430425226688385,0.24670961499214172
92,0.12859781086444855,0.08627453446388245,0.24670961499214172
93,0.12778396904468536,0.23856662213802338,0.24670961499214172
94,0.11999192833900452,0.22040648758411407,0.24670961499214172
95,0.11515351384878159,0.10115531831979752,0.24670961499214172
96,0.11341547220945358,0.1613798439502716,0.24670961499214172
97,0.11701927334070206,0.13288870453834534,0.24670961499214172
98,0.11074339598417282,0.19198206067085266,0.24670961499214172
99,0.11127230525016785,0.16771647334098816,0.24670961499214172
100,0.10305381566286087,0.1166577935218811,0.24670961499214172
