1,3.0355191177623286,0.0,0
2,2.029677641619543,0.059041284024715424,0.059041284024715424
3,1.7749539044252627,0.03783683106303215,0.059041284024715424
4,1.582282767933645,0.06833452731370926,0.06833452731370926
5,1.4229167646663203,0.0821605920791626,0.0821605920791626
6,1.288919009220828,0.0868854820728302,0.0868854820728302
7,1.166093410959669,0.12161314487457275,0.12161314487457275
8,1.0625169653042106,0.21671292185783386,0.21671292185783386
9,0.9613442424755947,0.1836647093296051,0.21671292185783386
10,0.8729192792989646,0.16210149228572845,0.21671292185783386
11,0.7910504242417159,0.1476692110300064,0.21671292185783386
12,0.7220700762833759,0.20257624983787537,0.21671292185783386
13,0.6599159730467826,0.27617791295051575,0.27617791295051575
14,0.6022066048755768,0.2278490662574768,0.27617791295051575
15,0.543019885090506,0.18228261172771454,0.27617791295051575
16,0.4956847613404511,0.330500066280365,0.330500066280365
17,0.4525329115664124,0.24104125797748566,0.330500066280365
18,0.4196709961078729,0.2746879756450653,0.330500066280365
19,0.37946308152690816,0.40473905205726624,0.40473905205726624
20,0.34963594747197096,0.29553642868995667,0.40473905205726624
21,0.3187197631901237,0.3939417898654938,0.40473905205726624
22,0.29344373742106616,0.3465482294559479,0.40473905205726624
23,0.27100731584296867,0.3474802076816559,0.40473905205726624
24,0.24996863466918848,0.28193044662475586,0.40473905205726624
25,0.23326720278354207,0.3364103138446808,0.40473905205726624
26,0.215062283216768,0.5357011556625366,0.5357011556625366
27,0.19961945617654522,0.46059003472328186,0.5357011556625366
28,0.18686192999979492,0.3103189766407013,0.5357011556625366
29,0.1739117354629146,0.4725753962993622,0.5357011556625366
30,0.16342935530812877,0.46973857283592224,0.5357011556625366
31,0.15072069283883283,0.4041230380535126,0.5357011556625366
32,0.14483498174483608,0.49489882588386536,0.5357011556625366
33,0.13634502892471423,0.3502884805202484,0.5357011556625366
34,0.12648716716060213,0.38630250096321106,0.5357011556625366
35,0.1207284471316702,0.46494680643081665,0.5357011556625366
36,0.11443430322940183,0.567026674747467,0.567026674747467
37,0.10815044331132986,0.47971826791763306,0.567026674747467
38,0.10488586640282041,0.43877533078193665,0.567026674747467
39,0.10078293030523951,0.4434511363506317,0.567026674747467
40,0.09858518841255243,0.5618345737457275,0.567026674747467
41,0.09356001937750039,0.46573683619499207,0.567026674747467
42,0.09029701708038901,0.39425310492515564,0.567026674747467
43,0.08647029856397848,0.50072181224823,0.567026674747467
44,0.08350888651552474,0.46176889538764954,0.567026674747467
45,0.08143343800192426,0.5271327495574951,0.567026674747467
46,0.07815266754122296,0.6167506575584412,0.6167506575584412
47,0.07507943271831342,0.4676530957221985,0.6167506575584412
48,0.0743575407915814,0.4864509403705597,0.6167506575584412
49,0.07182953827035655,0.46405357122421265,0.6167506575584412
50,0.06997780217106934,0.530356228351593,0.6167506575584412
51,0.06942920666781201,0.4505597651004791,0.6167506575584412
52,0.06726406716332314,0.5079956650733948,0.6167506575584412
53,0.06551763095009099,0.4071948826313019,0.6167506575584412
54,0.06326428997763403,0.4104600250720978,0.6167506575584412
55,0.0615542644551795,0.44911104440689087,0.6167506575584412
56,0.0621152915843543,0.5419116616249084,0.6167506575584412
57,0.059740663701846344,0.4912887215614319,0.6167506575584412
58,0.058752338324857364,0.4853759706020355,0.6167506575584412
59,0.05587724259324894,0.5504754781723022,0.6167506575584412
60,0.055267255836326606,0.41916772723197937,0.6167506575584412
61,0.053543007784303584,0.563346266746521,0.6167506575584412
62,0.05320737579730666,0.4593212902545929,0.6167506575584412
63,0.05072918883079936,0.49245283007621765,0.6167506575584412
64,0.04857782403802036,0.5706217288970947,0.6167506575584412
65,0.04808635276499068,0.4251202344894409,0.6167506575584412
66,0.05018133563315792,0.6578589081764221,0.6578589081764221
67,0.04927814369843264,0.5428807139396667,0.6578589081764221
68,0.04725455419178222,0.4780367612838745,0.6578589081764221
69,0.046127261783761586,0.5840639472007751,0.6578589081764221
70,0.04438162296061303,0.49359771609306335,0.6578589081764221
71,0.04219612893262866,0.44340163469314575,0.6578589081764221
72,0.04252058040991331,0.4449808597564697,0.6578589081764221
73,0.042344087533130764,0.6244176030158997,0.6578589081764221
74,0.04250604534153916,0.43530118465423584,0.6578589081764221
75,0.0422743234166484,0.6157458424568176,0.6578589081764221
76,0.04196491667846586,0.6059602499008179,0.6578589081764221
77,0.04210297203367683,0.4993125796318054,0.6578589081764221
78,0.04154210538265242,0.46167564392089844,0.6578589081764221
79,0.04017190673169057,0.540909469127655,0.6578589081764221
80,0.03987238842068584,0.6090308427810669,0.6578589081764221
81,0.039027749335357714,0.5418900847434998,0.6578589081764221
82,0.03800923847682347,0.5545721650123596,0.6578589081764221
83,0.03655251315468626,0.5422871112823486,0.6578589081764221
84,0.036589440593057,0.658433735370636,0.658433735370636
85,0.036633961792489525,0.4982820451259613,0.658433735370636
86,0.03770865357012316,0.572761058807373,0.658433735370636
87,0.03766087065361867,0.4960571527481079,0.658433735370636
88,0.03608002394414062,0.624904453754425,0.658433735370636
89,0.03529320604458546,0.5043091177940369,0.658433735370636
90,0.036121330947680455,0.5077418684959412,0.658433735370636
91,0.03642267191035163,0.5988754630088806,0.658433735370636
92,0.034182891303044596,0.4536644220352173,0.658433735370636
93,0.03560915584586988,0.4988369047641754,0.658433735370636
94,0.03329639626773679,0.5756918787956238,0.658433735370636
95,0.0336935729334119,0.4887344241142273,0.658433735370636
96,0.03379813415609348,0.5315856337547302,0.658433735370636
97,0.03518028827502754,0.4109014868736267,0.658433735370636
98,0.03417848703113331,0.5215432643890381,0.658433735370636
99,0.032910339991045985,0.6653897166252136,0.6653897166252136
100,0.032777705111179,0.49844518303871155,0.6653897166252136
