1,2.909345217571137,0.0,0
2,2.0064985175041636,0.0,0
3,1.7444155626236253,0.11386596411466599,0.11386596411466599
4,1.5520795963372394,0.04982946440577507,0.11386596411466599
5,1.3952161092667064,0.11858566850423813,0.11858566850423813
6,1.2547912620435095,0.07258427143096924,0.11858566850423813
7,1.1323587602111185,0.12788407504558563,0.12788407504558563
8,1.029619538480309,0.10982594639062881,0.12788407504558563
9,0.9335575077184446,0.1486768126487732,0.1486768126487732
10,0.845907381765402,0.15871620178222656,0.15871620178222656
11,0.7713339662855598,0.16321484744548798,0.16321484744548798
12,0.6991207709737645,0.1368962973356247,0.16321484744548798
13,0.6353313057285965,0.18997642397880554,0.18997642397880554
14,0.5785583269064594,0.23143374919891357,0.23143374919891357
15,0.5248296169718359,0.23043791949748993,0.23143374919891357
16,0.4779357767788468,0.2329021543264389,0.2329021543264389
17,0.43416897734259347,0.3565259575843811,0.3565259575843811
18,0.3967113800489219,0.17241568863391876,0.3565259575843811
19,0.3617271430742968,0.2720375955104828,0.3565259575843811
20,0.3295543008739022,0.3357362151145935,0.3565259575843811
21,0.3043560933345442,0.34988200664520264,0.3565259575843811
22,0.2767285935248539,0.3174164593219757,0.3565259575843811
23,0.25504875970873864,0.24303887784481049,0.3565259575843811
24,0.23592921237277378,0.3763275742530823,0.3763275742530823
25,0.21628819102314628,0.23003634810447693,0.3763275742530823
26,0.19882403299876839,0.35771822929382324,0.3763275742530823
27,0.18456073622604843,0.2995912432670593,0.3763275742530823
28,0.16960378945063634,0.30035796761512756,0.3763275742530823
29,0.1601207997578724,0.3359404504299164,0.3763275742530823
30,0.1499790273084762,0.2754803001880646,0.3763275742530823
31,0.13977486222602759,0.47162067890167236,0.47162067890167236
32,0.1344115967108945,0.28190839290618896,0.47162067890167236
33,0.1266056443950173,0.3108510375022888,0.47162067890167236
34,0.11641003784670192,0.3701200485229492,0.47162067890167236
35,0.11035888798677237,0.30976971983909607,0.47162067890167236
36,0.10414596941250905,0.3474712371826172,0.47162067890167236
37,0.10021542404202899,0.3370112180709839,0.47162067890167236
38,0.09328468511723409,0.4450765550136566,0.47162067890167236
39,0.09079217410106567,0.35758963227272034,0.47162067890167236
40,0.0847005634361012,0.3768552541732788,0.47162067890167236
41,0.08282029213514297,0.4368269741535187,0.47162067890167236
42,0.08005801080518467,0.4345434904098511,0.47162067890167236
43,0.07733058768093207,0.3246717154979706,0.47162067890167236
44,0.07383887268080833,0.4801492989063263,0.4801492989063263
45,0.06980087926053698,0.35785219073295593,0.4801492989063263
46,0.06744343761330956,0.454235315322876,0.4801492989063263
47,0.06564531071930174,0.5337896943092346,0.5337896943092346
48,0.06210825879387795,0.5596345663070679,0.5596345663070679
49,0.0609438431087383,0.40770548582077026,0.5596345663070679
50,0.06088343469105709,0.4598633050918579,0.5596345663070679
51,0.05895234941012541,0.4797805845737457,0.5596345663070679
52,0.059008387445359474,0.46099764108657837,0.5596345663070679
53,0.05708829473680372,0.4751704931259155,0.5596345663070679
54,0.055801436055902466,0.4311734437942505,0.5596345663070679
55,0.05164326651460806,0.4106309413909912,0.5596345663070679
56,0.051553235869783505,0.49371272325515747,0.5596345663070679
57,0.04965184220842495,0.4010027348995209,0.5596345663070679
58,0.04914543511951046,0.4863966703414917,0.5596345663070679
59,0.04941885181625558,0.4536370038986206,0.5596345663070679
60,0.047649469475742355,0.30841124057769775,0.5596345663070679
61,0.04591574364454503,0.34329038858413696,0.5596345663070679
62,0.044290375711906485,0.40204164385795593,0.5596345663070679
63,0.045250185379746614,0.5190172791481018,0.5596345663070679
64,0.044082934529206176,0.4834006130695343,0.5596345663070679
65,0.04332163574019815,0.48614931106567383,0.5596345663070679
66,0.04092240154411003,0.4416678845882416,0.5596345663070679
67,0.04184566440570886,0.3874606490135193,0.5596345663070679
68,0.042402006400998234,0.49891334772109985,0.5596345663070679
69,0.04264278625654187,0.5485995411872864,0.5596345663070679
70,0.04076506676757412,0.45224660634994507,0.5596345663070679
71,0.03898524893981636,0.4696187973022461,0.5596345663070679
72,0.04006452652014744,0.38528504967689514,0.5596345663070679
73,0.03940170946394562,0.5403043031692505,0.5596345663070679
74,0.03809398589477797,0.49151960015296936,0.5596345663070679
75,0.03816176305530937,0.41875332593917847,0.5596345663070679
76,0.03703076916800183,0.34061896800994873,0.5596345663070679
77,0.036924567091379576,0.4748542904853821,0.5596345663070679
78,0.03565805503256192,0.4613100290298462,0.5596345663070679
79,0.03706574274499895,0.49158617854118347,0.5596345663070679
80,0.03686242023850702,0.47063204646110535,0.5596345663070679
81,0.03545975475720349,0.5142754316329956,0.5596345663070679
82,0.035591815343233434,0.5105680823326111,0.5596345663070679
83,0.035974162274817374,0.594182550907135,0.594182550907135
84,0.034824929063677026,0.44429531693458557,0.594182550907135
85,0.03420358900407887,0.45671024918556213,0.594182550907135
86,0.03297616598925963,0.4564563035964966,0.594182550907135
87,0.032659919024890016,0.6262154579162598,0.6262154579162598
88,0.034007012642398,0.6047224998474121,0.6262154579162598
89,0.0333655530373287,0.5024341344833374,0.6262154579162598
90,0.033062875947090474,0.5124886631965637,0.6262154579162598
91,0.032894077390479816,0.5583838224411011,0.6262154579162598
92,0.032853906653868926,0.5471174120903015,0.6262154579162598
93,0.03339643840185681,0.5620391368865967,0.6262154579162598
94,0.032172677510530705,0.5581834316253662,0.6262154579162598
95,0.032658259028414634,0.5397240519523621,0.6262154579162598
96,0.03211572663087374,0.583000659942627,0.6262154579162598
97,0.03201564336136268,0.555657684803009,0.6262154579162598
98,0.031672003192554234,0.48807334899902344,0.6262154579162598
99,0.030047773478469653,0.5905352234840393,0.6262154579162598
100,0.029586889383614444,0.5042920112609863,0.6262154579162598
