1,5.2682576179504395,0.0,0
2,5.006505966186523,0.0,0
3,4.729973316192627,0.0,0
4,4.423342704772949,0.0,0
5,4.124279022216797,0.0,0
6,3.8310282230377197,0.0,0
7,3.5373144149780273,0.0,0
8,3.2838268280029297,0.0,0
9,3.084458112716675,0.0,0
10,2.9458374977111816,0.0,0
11,2.8108737468719482,0.0,0
12,2.700895309448242,0.0,0
13,2.5967257022857666,0.0,0
14,2.4972150325775146,0.0,0
15,2.377201795578003,0.0,0
16,2.277883529663086,0.0,0
17,2.1746833324432373,0.0,0
18,2.0987961292266846,0.0,0
19,2.003051996231079,0.0,0
20,1.9278779029846191,0.0,0
21,1.843201756477356,0.0,0
22,1.7565383911132812,0.0,0
23,1.6764062643051147,0.0,0
24,1.599031925201416,0.0,0
25,1.5339535474777222,0.0,0
26,1.4620301723480225,0.0,0
27,1.3859306573867798,0.0,0
28,1.3253344297409058,0.0,0
29,1.2671666145324707,0.0,0
30,1.2046301364898682,0.0,0
31,1.1458449363708496,0.0,0
32,1.0760306119918823,0.0,0
33,1.0339148044586182,0.0,0
34,0.971464216709137,0.0,0
35,0.9174298048019409,0.0,0
36,0.8658216595649719,0.0,0
37,0.8141080737113953,0.0,0
38,0.7755107283592224,0.0,0
39,0.7416937351226807,0.0,0
40,0.6961396932601929,0.0,0
41,0.6513726115226746,0.0,0
42,0.6170810461044312,0.0,0
43,0.5861424207687378,0.0,0
44,0.5524190664291382,0.03233437240123749,0.03233437240123749
45,0.5137819051742554,0.053624290972948074,0.053624290972948074
46,0.48255348205566406,0.020372822880744934,0.053624290972948074
47,0.4609414041042328,0.0,0.053624290972948074
48,0.4381900429725647,0.0,0.053624290972948074
49,0.4144614040851593,0.0,0.053624290972948074
50,0.3919176161289215,0.0,0.053624290972948074
51,0.3698746860027313,0.05610309913754463,0.05610309913754463
52,0.3542296588420868,0.03233437240123749,0.05610309913754463
53,0.3296052813529968,0.04125849902629852,0.05610309913754463
54,0.31478196382522583,0.03233437240123749,0.05610309913754463
55,0.2952708899974823,0.0,0.05610309913754463
56,0.285221129655838,0.10564124584197998,0.10564124584197998
57,0.2699272632598877,0.0,0.10564124584197998
58,0.25654539465904236,0.034421928226947784,0.10564124584197998
59,0.24865947663784027,0.0,0.10564124584197998
60,0.2370147556066513,0.06466874480247498,0.10564124584197998
61,0.22210872173309326,0.02062924951314926,0.10564124584197998
62,0.21840952336788177,0.0,0.10564124584197998
63,0.20104216039180756,0.03398290276527405,0.10564124584197998
64,0.19764813780784607,0.033137958496809006,0.10564124584197998
65,0.18635021150112152,0.03233437240123749,0.10564124584197998
66,0.18033486604690552,0.03426286205649376,0.10564124584197998
67,0.1753900647163391,0.04279216006398201,0.10564124584197998
68,0.16782629489898682,0.1029808297753334,0.10564124584197998
69,0.16193489730358124,0.07895932346582413,0.10564124584197998
70,0.15529698133468628,0.0,0.10564124584197998
71,0.1488291472196579,0.0,0.10564124584197998
72,0.14294059574604034,0.0,0.10564124584197998
73,0.1387196183204651,0.0,0.10564124584197998
74,0.1315651535987854,0.0,0.10564124584197998
75,0.12415874749422073,0.0,0.10564124584197998
76,0.1215614527463913,0.0,0.10564124584197998
77,0.117378368973732,0.0,0.10564124584197998
78,0.11144581437110901,0.035590410232543945,0.10564124584197998
79,0.1052628681063652,0.0,0.10564124584197998
80,0.10325497388839722,0.0,0.10564124584197998
81,0.10026112198829651,0.11436000466346741,0.11436000466346741
82,0.09848508983850479,0.037626560777425766,0.11436000466346741
83,0.09192349761724472,0.034694135189056396,0.11436000466346741
84,0.08968177437782288,0.03668457269668579,0.11436000466346741
85,0.08680453151464462,0.0,0.11436000466346741
86,0.08312304317951202,0.0,0.11436000466346741
87,0.07830210030078888,0.0,0.11436000466346741
88,0.07747627049684525,0.09219036251306534,0.11436000466346741
89,0.0761527419090271,0.0381326824426651,0.11436000466346741
90,0.07320412248373032,0.047895945608615875,0.11436000466346741
91,0.07026822119951248,0.035810571163892746,0.11436000466346741
92,0.06751155108213425,0.040233314037323,0.11436000466346741
93,0.06603530794382095,0.0609392374753952,0.11436000466346741
94,0.06504546850919724,0.02243962325155735,0.11436000466346741
95,0.06066536530852318,0.026022277772426605,0.11436000466346741
96,0.05989280715584755,0.0,0.11436000466346741
97,0.05724456161260605,0.040797796100378036,0.11436000466346741
98,0.05439549311995506,0.08821655809879303,0.11436000466346741
99,0.055058903992176056,0.05350516363978386,0.11436000466346741
100,0.054764583706855774,0.0,0.11436000466346741
