1,7.167991280555725,0.0,0
2,6.088667631149292,0.0,0
3,5.270258069038391,0.0,0
4,4.573136568069458,0.0,0
5,3.9837098717689514,0.0,0
6,3.5127357840538025,0.0,0
7,3.1651440858840942,0.0,0
8,2.8870189785957336,0.0,0
9,2.651115357875824,0.06454627215862274,0.06454627215862274
10,2.4506011307239532,0.0,0.06454627215862274
11,2.2871726155281067,0.0492350310087204,0.06454627215862274
12,2.1583976447582245,0.0,0.06454627215862274
13,2.04959699511528,0.059492919594049454,0.06454627215862274
14,1.9481852650642395,0.0,0.06454627215862274
15,1.8742811679840088,0.0,0.06454627215862274
16,1.810124546289444,0.0,0.06454627215862274
17,1.7394485771656036,0.0,0.06454627215862274
18,1.667733058333397,0.0,0.06454627215862274
19,1.6061283200979233,0.0,0.06454627215862274
20,1.5602377951145172,0.0,0.06454627215862274
21,1.5040217339992523,0.0,0.06454627215862274
22,1.4658336341381073,0.0,0.06454627215862274
23,1.4096554219722748,0.0,0.06454627215862274
24,1.3642117977142334,0.0,0.06454627215862274
25,1.3239805549383163,0.0,0.06454627215862274
26,1.282688856124878,0.0,0.06454627215862274
27,1.235897958278656,0.0,0.06454627215862274
28,1.2016216069459915,0.0,0.06454627215862274
29,1.1582282334566116,0.0,0.06454627215862274
30,1.120660424232483,0.0,0.06454627215862274
31,1.0785228908061981,0.0,0.06454627215862274
32,1.040452018380165,0.1375274360179901,0.1375274360179901
33,1.0016275197267532,0.0,0.1375274360179901
34,0.970227062702179,0.0,0.1375274360179901
35,0.9319699555635452,0.07684552669525146,0.1375274360179901
36,0.9035463705658913,0.0,0.1375274360179901
37,0.866886556148529,0.0,0.1375274360179901
38,0.8411391526460648,0.0,0.1375274360179901
39,0.8078914508223534,0.09318888932466507,0.1375274360179901
40,0.7729460000991821,0.0,0.1375274360179901
41,0.7478310540318489,0.0,0.1375274360179901
42,0.715870089828968,0.0,0.1375274360179901
43,0.6875361055135727,0.0,0.1375274360179901
44,0.6616745814681053,0.06437297910451889,0.1375274360179901
45,0.6393698938190937,0.0,0.1375274360179901
46,0.6106417179107666,0.0,0.1375274360179901
47,0.5850713402032852,0.11485961824655533,0.1375274360179901
48,0.5570026710629463,0.05158202722668648,0.1375274360179901
49,0.536375492811203,0.0,0.1375274360179901
50,0.5143845528364182,0.0,0.1375274360179901
51,0.4982251077890396,0.0732712373137474,0.1375274360179901
52,0.47091737389564514,0.06950148940086365,0.1375274360179901
53,0.45853204280138016,0.05964016169309616,0.1375274360179901
54,0.43030882626771927,0.07648047804832458,0.1375274360179901
55,0.41826271638274193,0.0,0.1375274360179901
56,0.39820388704538345,0.0,0.1375274360179901
57,0.3776325285434723,0.0,0.1375274360179901
58,0.3640177398920059,0.0,0.1375274360179901
59,0.35141143575310707,0.0,0.1375274360179901
60,0.33800172060728073,0.0,0.1375274360179901
61,0.327221155166626,0.04831104353070259,0.1375274360179901
62,0.31015974655747414,0.0,0.1375274360179901
63,0.29923196136951447,0.0,0.1375274360179901
64,0.2892741970717907,0.0,0.1375274360179901
65,0.26966713555157185,0.12240789830684662,0.1375274360179901
66,0.2606661207973957,0.14207610487937927,0.14207610487937927
67,0.2549998741596937,0.0,0.14207610487937927
68,0.24581656605005264,0.0421941801905632,0.14207610487937927
69,0.2371547855436802,0.049852825701236725,0.14207610487937927
70,0.22739891707897186,0.0,0.14207610487937927
71,0.2190612107515335,0.0,0.14207610487937927
72,0.20820410922169685,0.0,0.14207610487937927
73,0.2006426677107811,0.0,0.14207610487937927
74,0.1968833953142166,0.06902477890253067,0.14207610487937927
75,0.18699351325631142,0.05030404403805733,0.14207610487937927
76,0.182046290487051,0.0,0.14207610487937927
77,0.1793686132878065,0.0,0.14207610487937927
78,0.17279688082635403,0.07187630236148834,0.14207610487937927
79,0.16467413678765297,0.04559507966041565,0.14207610487937927
80,0.15886118076741695,0.07481882721185684,0.14207610487937927
81,0.1549706682562828,0.09969017654657364,0.14207610487937927
82,0.15110956877470016,0.0,0.14207610487937927
83,0.14641252346336842,0.0,0.14207610487937927
84,0.14178840816020966,0.09443426132202148,0.14207610487937927
85,0.13484432362020016,0.048620838671922684,0.14207610487937927
86,0.13052417896687984,0.0,0.14207610487937927
87,0.12798651959747076,0.0,0.14207610487937927
88,0.12409035675227642,0.15583349764347076,0.15583349764347076
89,0.12110306229442358,0.0,0.15583349764347076
90,0.11822345480322838,0.04397646337747574,0.15583349764347076
91,0.11348357982933521,0.0,0.15583349764347076
92,0.11066962964832783,0.05437910184264183,0.15583349764347076
93,0.1087548527866602,0.06161658465862274,0.15583349764347076
94,0.10306283086538315,0.0,0.15583349764347076
95,0.09969257656484842,0.0,0.15583349764347076
96,0.10011680237948895,0.0,0.15583349764347076
97,0.0969170443713665,0.08264008909463882,0.15583349764347076
98,0.09312331024557352,0.04595702514052391,0.15583349764347076
99,0.09196788631379604,0.048024412244558334,0.15583349764347076
100,0.08730350341647863,0.0,0.15583349764347076
