1,7.308258533477783,0.0,0
2,6.26476263999939,0.0,0
3,5.418967247009277,0.0,0
4,4.685386419296265,0.0,0
5,4.075948238372803,0.0,0
6,3.565247416496277,0.0,0
7,3.17402982711792,0.0,0
8,2.8701100051403046,0.0,0
9,2.628211200237274,0.0,0
10,2.428892880678177,0.0,0
11,2.2719865441322327,0.0,0
12,2.1597115993499756,0.0,0
13,2.0602835416793823,0.0,0
14,1.9768297672271729,0.0,0
15,1.9023720622062683,0.0,0
16,1.831440657377243,0.0,0
17,1.7821441292762756,0.0,0
18,1.722902923822403,0.03663809970021248,0.03663809970021248
19,1.6643214225769043,0.0,0.03663809970021248
20,1.6227014660835266,0.0,0.03663809970021248
21,1.569455862045288,0.0,0.03663809970021248
22,1.531223177909851,0.0,0.03663809970021248
23,1.476709634065628,0.051611971110105515,0.051611971110105515
24,1.4351161420345306,0.0,0.051611971110105515
25,1.3919366747140884,0.0,0.051611971110105515
26,1.3647916689515114,0.0,0.051611971110105515
27,1.3084305971860886,0.0,0.051611971110105515
28,1.2831959053874016,0.0,0.051611971110105515
29,1.2292144000530243,0.0,0.051611971110105515
30,1.197939433157444,0.0,0.051611971110105515
31,1.1544011682271957,0.08607222139835358,0.08607222139835358
32,1.1224951073527336,0.0,0.08607222139835358
33,1.0823745504021645,0.0,0.08607222139835358
34,1.05562125146389,0.0,0.08607222139835358
35,1.018512912094593,0.0,0.08607222139835358
36,0.980284258723259,0.0861121267080307,0.0861121267080307
37,0.9513914585113525,0.0,0.0861121267080307
38,0.9151568487286568,0.0,0.0861121267080307
39,0.8840911611914635,0.0,0.0861121267080307
40,0.8637624271214008,0.0486549511551857,0.0861121267080307
41,0.8313936144113541,0.0,0.0861121267080307
42,0.7972763031721115,0.0,0.0861121267080307
43,0.7687817290425301,0.0752011090517044,0.0861121267080307
44,0.745069358497858,0.0,0.0861121267080307
45,0.7160774692893028,0.0,0.0861121267080307
46,0.6899513825774193,0.0,0.0861121267080307
47,0.6546381004154682,0.0,0.0861121267080307
48,0.6397466138005257,0.0,0.0861121267080307
49,0.6118807047605515,0.0,0.0861121267080307
50,0.5970223136246204,0.09561168402433395,0.09561168402433395
51,0.5648952461779118,0.0,0.09561168402433395
52,0.5391988046467304,0.10685017704963684,0.10685017704963684
53,0.5261116325855255,0.0,0.10685017704963684
54,0.5014571323990822,0.0,0.10685017704963684
55,0.48716776072978973,0.06541179120540619,0.10685017704963684
56,0.4653712101280689,0.0,0.10685017704963684
57,0.44462973810732365,0.0,0.10685017704963684
58,0.42482415959239006,0.0,0.10685017704963684
59,0.41810109838843346,0.0,0.10685017704963684
60,0.3911476004868746,0.0,0.10685017704963684
61,0.3805348053574562,0.0,0.10685017704963684
62,0.3709763400256634,0.1713305562734604,0.1713305562734604
63,0.34935143031179905,0.10240902006626129,0.1713305562734604
64,0.3371377643197775,0.0,0.1713305562734604
65,0.3258506916463375,0.09618770331144333,0.1713305562734604
66,0.3126250095665455,0.0,0.1713305562734604
67,0.29673590511083603,0.08205388486385345,0.1713305562734604
68,0.2846167888492346,0.0,0.1713305562734604
69,0.274602759629488,0.0,0.1713305562734604
70,0.2657771650701761,0.0,0.1713305562734604
71,0.2518509402871132,0.051135607063770294,0.1713305562734604
72,0.2441033311188221,0.08043897151947021,0.1713305562734604
73,0.23447199165821075,0.0,0.1713305562734604
74,0.22761308774352074,0.07624000310897827,0.1713305562734604
75,0.2142369393259287,0.11729545891284943,0.1713305562734604
76,0.20981178153306246,0.0,0.1713305562734604
77,0.2014098558574915,0.0,0.1713305562734604
78,0.1935195866972208,0.08575350791215897,0.1713305562734604
79,0.18535490334033966,0.0,0.1713305562734604
80,0.17883439548313618,0.0,0.1713305562734604
81,0.17138941027224064,0.08051692694425583,0.1713305562734604
82,0.1704570883885026,0.12389227002859116,0.1713305562734604
83,0.1630835561081767,0.0,0.1713305562734604
84,0.15753393806517124,0.04938467964529991,0.1713305562734604
85,0.15373353194445372,0.04672962799668312,0.1713305562734604
86,0.14705009944736958,0.0,0.1713305562734604
87,0.14131007250398397,0.1253528743982315,0.1713305562734604
88,0.1345694037154317,0.0,0.1713305562734604
89,0.1352680493146181,0.0,0.1713305562734604
90,0.12934984173625708,0.0,0.1713305562734604
91,0.12688024528324604,0.0,0.1713305562734604
92,0.1225247411057353,0.1406143605709076,0.1713305562734604
93,0.11601377185434103,0.0,0.1713305562734604
94,0.11194043327122927,0.050883933901786804,0.1713305562734604
95,0.10998004302382469,0.11602263152599335,0.1713305562734604
96,0.1078686248511076,0.1158781349658966,0.1713305562734604
97,0.10697104968130589,0.0,0.1713305562734604
98,0.10381922777742147,0.0,0.1713305562734604
99,0.0991738485172391,0.06946567445993423,0.1713305562734604
100,0.09559600660577416,0.0,0.1713305562734604
