1,7.429579138755798,0.0,0
2,6.482711553573608,0.0,0
3,5.697066426277161,0.0,0
4,5.021496295928955,0.0,0
5,4.386842250823975,0.0,0
6,3.8509340286254883,0.0,0
7,3.4085139632225037,0.0,0
8,3.081262767314911,0.0,0
9,2.8294575214385986,0.0,0
10,2.6480847001075745,0.0,0
11,2.4901705384254456,0.0,0
12,2.3781437277793884,0.0,0
13,2.269580751657486,0.0,0
14,2.1835521459579468,0.0,0
15,2.111385464668274,0.0,0
16,2.0311945974826813,0.0,0
17,1.9634134769439697,0.0,0
18,1.9000134766101837,0.0,0
19,1.832762062549591,0.0,0
20,1.7794712483882904,0.0,0
21,1.7187421023845673,0.04953782632946968,0.04953782632946968
22,1.668361783027649,0.0,0.04953782632946968
23,1.6140599250793457,0.0,0.04953782632946968
24,1.5650424659252167,0.0,0.04953782632946968
25,1.5131049752235413,0.0,0.04953782632946968
26,1.464093804359436,0.0,0.04953782632946968
27,1.4203317612409592,0.0,0.04953782632946968
28,1.3694047033786774,0.07108430564403534,0.07108430564403534
29,1.3225832283496857,0.0,0.07108430564403534
30,1.2812409698963165,0.047719500958919525,0.07108430564403534
31,1.2451148927211761,0.0,0.07108430564403534
32,1.1988223046064377,0.0,0.07108430564403534
33,1.1567304283380508,0.09379274398088455,0.09379274398088455
34,1.1217651069164276,0.08278732001781464,0.09379274398088455
35,1.0845465660095215,0.0,0.09379274398088455
36,1.043330729007721,0.0,0.09379274398088455
37,1.0171152278780937,0.0,0.09379274398088455
38,0.9794565215706825,0.1578405797481537,0.1578405797481537
39,0.9365491420030594,0.08479258418083191,0.1578405797481537
40,0.9155560880899429,0.0,0.1578405797481537
41,0.875703439116478,0.0,0.1578405797481537
42,0.8515395671129227,0.06393822282552719,0.1578405797481537
43,0.8166112378239632,0.15338368713855743,0.1578405797481537
44,0.7862239554524422,0.0,0.1578405797481537
45,0.7579897567629814,0.0,0.1578405797481537
46,0.7282410115003586,0.0,0.1578405797481537
47,0.7080947607755661,0.0,0.1578405797481537
48,0.6835282631218433,0.05962051451206207,0.1578405797481537
49,0.6550991050899029,0.0,0.1578405797481537
50,0.6220630370080471,0.049099382013082504,0.1578405797481537
51,0.6125789172947407,0.0,0.1578405797481537
52,0.586245384067297,0.0,0.1578405797481537
53,0.5698377601802349,0.06694655120372772,0.1578405797481537
54,0.5418281704187393,0.0,0.1578405797481537
55,0.5244247578084469,0.0,0.1578405797481537
56,0.500183280557394,0.0,0.1578405797481537
57,0.4823908135294914,0.05585559085011482,0.1578405797481537
58,0.47125251963734627,0.09524546563625336,0.1578405797481537
59,0.4463096261024475,0.0,0.1578405797481537
60,0.4322683960199356,0.0,0.1578405797481537
61,0.41446908190846443,0.0,0.1578405797481537
62,0.4024201035499573,0.041029877960681915,0.1578405797481537
63,0.38976863771677017,0.0,0.1578405797481537
64,0.36715999245643616,0.04990607872605324,0.1578405797481537
65,0.3587481789290905,0.06325572729110718,0.1578405797481537
66,0.3419062905013561,0.05514031648635864,0.1578405797481537
67,0.33224229142069817,0.05692795664072037,0.1578405797481537
68,0.3182825054973364,0.10348430275917053,0.1578405797481537
69,0.3139837943017483,0.1060061976313591,0.1578405797481537
70,0.3003660552203655,0.0,0.1578405797481537
71,0.2881303057074547,0.0,0.1578405797481537
72,0.28127432987093925,0.0,0.1578405797481537
73,0.26424936577677727,0.06168253719806671,0.1578405797481537
74,0.25806319154798985,0.04661566764116287,0.1578405797481537
75,0.24793851003050804,0.0,0.1578405797481537
76,0.23721308633685112,0.0,0.1578405797481537
77,0.22956973500549793,0.05590573698282242,0.1578405797481537
78,0.220494931563735,0.0,0.1578405797481537
79,0.2119993381202221,0.056643739342689514,0.1578405797481537
80,0.20807206816971302,0.0,0.1578405797481537
81,0.2036180291324854,0.03927205875515938,0.1578405797481537
82,0.1953143011778593,0.0,0.1578405797481537
83,0.18758306186646223,0.0,0.1578405797481537
84,0.17930381372570992,0.0,0.1578405797481537
85,0.17788554355502129,0.0,0.1578405797481537
86,0.165854855440557,0.0,0.1578405797481537
87,0.16551020555198193,0.11605489253997803,0.1578405797481537
88,0.1582348933443427,0.0,0.1578405797481537
89,0.15329973958432674,0.05837724357843399,0.1578405797481537
90,0.1488017337396741,0.04506152868270874,0.1578405797481537
91,0.1436784751713276,0.0,0.1578405797481537
92,0.1407106351107359,0.09972181916236877,0.1578405797481537
93,0.13304917328059673,0.0,0.1578405797481537
94,0.13082763459533453,0.0,0.1578405797481537
95,0.12812376022338867,0.06005045771598816,0.1578405797481537
96,0.12508479598909616,0.10145694762468338,0.1578405797481537
97,0.11926153488457203,0.05346234515309334,0.1578405797481537
98,0.11790302954614162,0.058686740696430206,0.1578405797481537
99,0.11362984776496887,0.059675637632608414,0.1578405797481537
100,0.11293969210237265,0.06104210391640663,0.1578405797481537
