1,5.029012838999431,0.0,0
2,4.344223817189534,0.0,0
3,3.6887431939442954,0.0,0
4,3.2651683489481607,0.0,0
5,3.0571526686350503,0.0,0
6,2.862551768620809,0.0,0
7,2.6786535580952964,0.0,0
8,2.5643970171610513,0.0,0
9,2.436438798904419,0.0,0
10,2.346223990122477,0.0,0
11,2.2423713207244873,0.0,0
12,2.18613600730896,0.0,0
13,2.1114330291748047,0.0,0
14,2.0347338120142617,0.0,0
15,1.9666306177775066,0.03111664392054081,0.03111664392054081
16,1.908553957939148,0.0,0.03111664392054081
17,1.840942144393921,0.0,0.03111664392054081
18,1.7913469076156616,0.0,0.03111664392054081
19,1.7381720542907715,0.0,0.03111664392054081
20,1.673426588376363,0.0,0.03111664392054081
21,1.6408233245213826,0.0,0.03111664392054081
22,1.584463079770406,0.0,0.03111664392054081
23,1.534349004427592,0.0,0.03111664392054081
24,1.474035422007243,0.05811532214283943,0.05811532214283943
25,1.4423364798227947,0.0,0.05811532214283943
26,1.3955164353052776,0.0,0.05811532214283943
27,1.3483777443567913,0.0,0.05811532214283943
28,1.2991703748703003,0.0,0.05811532214283943
29,1.2584962050120037,0.09658654779195786,0.09658654779195786
30,1.2076033353805542,0.0,0.09658654779195786
31,1.1762141386667888,0.07170058786869049,0.09658654779195786
32,1.1353099743525188,0.0,0.09658654779195786
33,1.095486839612325,0.10786780714988708,0.10786780714988708
34,1.0600037972132366,0.0,0.10786780714988708
35,1.0175520777702332,0.0,0.10786780714988708
36,0.985398550828298,0.046036917716264725,0.10786780714988708
37,0.9427182674407959,0.07649970054626465,0.10786780714988708
38,0.9145137270291647,0.08745025843381882,0.10786780714988708
39,0.8812202215194702,0.17211373150348663,0.17211373150348663
40,0.8529046376546224,0.12523195147514343,0.17211373150348663
41,0.8181314468383789,0.07894176244735718,0.17211373150348663
42,0.7853493690490723,0.08593174815177917,0.17211373150348663
43,0.7632148464520773,0.09944367408752441,0.17211373150348663
44,0.7327815492947897,0.09056723117828369,0.17211373150348663
45,0.6987950404485067,0.07599136233329773,0.17211373150348663
46,0.674048642317454,0.16801990568637848,0.17211373150348663
47,0.6504100958506266,0.14109757542610168,0.17211373150348663
48,0.6217003067334493,0.1253596991300583,0.17211373150348663
49,0.6000566283861796,0.1120355948805809,0.17211373150348663
50,0.5745637814203898,0.30316442251205444,0.30316442251205444
51,0.5584407051404318,0.21171826124191284,0.30316442251205444
52,0.5334989428520203,0.12557363510131836,0.30316442251205444
53,0.5094995697339376,0.1950201541185379,0.30316442251205444
54,0.4879082838694255,0.2577904164791107,0.30316442251205444
55,0.4700542092323303,0.15794512629508972,0.30316442251205444
56,0.45037853717803955,0.2699872851371765,0.30316442251205444
57,0.43366556366284686,0.2552546560764313,0.30316442251205444
58,0.41054962078730267,0.1435958296060562,0.30316442251205444
59,0.398947278658549,0.2967725396156311,0.30316442251205444
60,0.379623015721639,0.3473612070083618,0.3473612070083618
61,0.36376120646794635,0.19533918797969818,0.3473612070083618
62,0.34814504782358807,0.2767864465713501,0.3473612070083618
63,0.33348459005355835,0.37585073709487915,0.37585073709487915
64,0.32226871450742084,0.30416417121887207,0.37585073709487915
65,0.30841853221257526,0.47207924723625183,0.47207924723625183
66,0.294263631105423,0.32556113600730896,0.47207924723625183
67,0.27950672308603924,0.4224589169025421,0.47207924723625183
68,0.27212868134180707,0.4082144796848297,0.47207924723625183
69,0.2608621170123418,0.32224535942077637,0.47207924723625183
70,0.24905425806840262,0.5083249807357788,0.5083249807357788
71,0.2383532921473185,0.5270078778266907,0.5270078778266907
72,0.2306008835633596,0.48514628410339355,0.5270078778266907
73,0.2244878758986791,0.3715463876724243,0.5270078778266907
74,0.21117006242275238,0.690369725227356,0.690369725227356
75,0.20437306662400564,0.43279576301574707,0.690369725227356
76,0.19607464969158173,0.4084702730178833,0.690369725227356
77,0.1900202284256617,0.5590488910675049,0.690369725227356
78,0.17873220642407736,0.4399009943008423,0.690369725227356
79,0.17204541464646658,0.43134018778800964,0.690369725227356
80,0.16860944529374441,0.48257914185523987,0.690369725227356
81,0.16118376950422922,0.552838921546936,0.690369725227356
82,0.15627586841583252,0.5291219353675842,0.690369725227356
83,0.14764900505542755,0.4406723082065582,0.690369725227356
84,0.14150174955526987,0.6064271926879883,0.690369725227356
85,0.1405735363562902,0.506778359413147,0.690369725227356
86,0.13375995059808096,0.49804022908210754,0.690369725227356
87,0.12782204151153564,0.5935152769088745,0.690369725227356
88,0.12351047247648239,0.6124224662780762,0.690369725227356
89,0.1200933704773585,0.6427788734436035,0.690369725227356
90,0.11378931254148483,0.6245964765548706,0.690369725227356
91,0.1109700823823611,0.5387292504310608,0.690369725227356
92,0.1076973428328832,0.5623878240585327,0.690369725227356
93,0.10368945946296056,0.663581132888794,0.690369725227356
94,0.09971133867899577,0.6017616987228394,0.690369725227356
95,0.09811081488927205,0.5857657790184021,0.690369725227356
96,0.09357645362615585,0.4783766567707062,0.690369725227356
97,0.09025961657365163,0.5501261949539185,0.690369725227356
98,0.08762908726930618,0.5109299421310425,0.690369725227356
99,0.08681371559699376,0.5097177028656006,0.690369725227356
100,0.08211445063352585,0.5516733527183533,0.690369725227356
