1,4.9762498537699384,0.0,0
2,4.2661662101745605,0.0,0
3,3.584416230519613,0.0,0
4,3.2266778151194253,0.0,0
5,3.014639218648275,0.0,0
6,2.816461165746053,0.0,0
7,2.6814064979553223,0.0,0
8,2.5555454889933267,0.0,0
9,2.451594909032186,0.0,0
10,2.341820398966471,0.0,0
11,2.2723986307779946,0.0,0
12,2.1984313329060874,0.0,0
13,2.1077662309010825,0.0,0
14,2.0770031611124673,0.0,0
15,2.005915721257528,0.0,0
16,1.9339390595753987,0.0,0
17,1.8821961879730225,0.0,0
18,1.8387067715326946,0.0,0
19,1.7697937885920207,0.04472208395600319,0.04472208395600319
20,1.7128448486328125,0.0,0.04472208395600319
21,1.6766765117645264,0.057952385395765305,0.057952385395765305
22,1.6122710307439168,0.0,0.057952385395765305
23,1.5707885424296062,0.0,0.057952385395765305
24,1.5157962242762248,0.0,0.057952385395765305
25,1.4755500157674153,0.07168982177972794,0.07168982177972794
26,1.4215800364812214,0.0,0.07168982177972794
27,1.3829331398010254,0.055502504110336304,0.07168982177972794
28,1.329264720280965,0.035359274595975876,0.07168982177972794
29,1.2766286929448445,0.047333743423223495,0.07168982177972794
30,1.2501604954401653,0.08735527843236923,0.08735527843236923
31,1.2037262121836345,0.0,0.08735527843236923
32,1.1598604917526245,0.12190721929073334,0.12190721929073334
33,1.1259733438491821,0.045077547430992126,0.12190721929073334
34,1.0801024238268535,0.04192349687218666,0.12190721929073334
35,1.045702040195465,0.04825959727168083,0.12190721929073334
36,1.0086977283159893,0.0,0.12190721929073334
37,0.9777455925941467,0.05135699734091759,0.12190721929073334
38,0.934464156627655,0.08855582773685455,0.12190721929073334
39,0.9101164937019348,0.13934212923049927,0.13934212923049927
40,0.8804660439491272,0.09741923958063126,0.13934212923049927
41,0.8418610493342081,0.10124661773443222,0.13934212923049927
42,0.810276468594869,0.07813271135091782,0.13934212923049927
43,0.7761616905530294,0.06403598189353943,0.13934212923049927
44,0.7513637741406759,0.15557941794395447,0.15557941794395447
45,0.7141249775886536,0.12590493261814117,0.15557941794395447
46,0.6970628301302592,0.15421399474143982,0.15557941794395447
47,0.6632816990216573,0.1293150782585144,0.15557941794395447
48,0.637566864490509,0.20649927854537964,0.20649927854537964
49,0.6181667248407999,0.22891618311405182,0.22891618311405182
50,0.5883357524871826,0.19527080655097961,0.22891618311405182
51,0.5667041738828024,0.18454430997371674,0.22891618311405182
52,0.5413773059844971,0.1326560080051422,0.22891618311405182
53,0.5199318925539652,0.3379098176956177,0.3379098176956177
54,0.4997112949689229,0.17576994001865387,0.3379098176956177
55,0.47785629828770954,0.2642923891544342,0.3379098176956177
56,0.45921274026234943,0.26998645067214966,0.3379098176956177
57,0.43813472986221313,0.4135887920856476,0.4135887920856476
58,0.42036060492197674,0.25281643867492676,0.4135887920856476
59,0.4052065710226695,0.3661327362060547,0.4135887920856476
60,0.38747891783714294,0.28661784529685974,0.4135887920856476
61,0.3722384075323741,0.37338387966156006,0.4135887920856476
62,0.3518278896808624,0.34170177578926086,0.4135887920856476
63,0.33828150232632953,0.2871071994304657,0.4135887920856476
64,0.3232583204905192,0.3794734477996826,0.4135887920856476
65,0.3096817334493001,0.43412190675735474,0.43412190675735474
66,0.2986043095588684,0.5187634825706482,0.5187634825706482
67,0.2825647493203481,0.42139285802841187,0.5187634825706482
68,0.273522029320399,0.34479206800460815,0.5187634825706482
69,0.26207388440767926,0.47243231534957886,0.5187634825706482
70,0.2504125287135442,0.5736848711967468,0.5736848711967468
71,0.23972472051779428,0.35907575488090515,0.5736848711967468
72,0.23053050537904105,0.6604219675064087,0.6604219675064087
73,0.22207568089167276,0.46375614404678345,0.6604219675064087
74,0.21160567303498587,0.3470538854598999,0.6604219675064087
75,0.20037626226743063,0.4336738884449005,0.6604219675064087
76,0.19466257095336914,0.4585860073566437,0.6604219675064087
77,0.1856484909852346,0.5131836533546448,0.6604219675064087
78,0.1799745112657547,0.5393715500831604,0.6604219675064087
79,0.1713001231352488,0.5174638628959656,0.6604219675064087
80,0.16382412612438202,0.5299589037895203,0.6604219675064087
81,0.15945703287919363,0.5511984825134277,0.6604219675064087
82,0.1518605500459671,0.6635562181472778,0.6635562181472778
83,0.1463970293601354,0.5656876564025879,0.6635562181472778
84,0.1409535507361094,0.4857667088508606,0.6635562181472778
85,0.1360816756884257,0.5767685174942017,0.6635562181472778
86,0.13219343622525534,0.5269003510475159,0.6635562181472778
87,0.12402429431676865,0.5912514328956604,0.6635562181472778
88,0.12269696841637294,0.7035980224609375,0.7035980224609375
89,0.11735498905181885,0.5216745138168335,0.7035980224609375
90,0.11400146534045537,0.543328046798706,0.7035980224609375
91,0.11035089194774628,0.6786511540412903,0.7035980224609375
92,0.10637129843235016,0.6766201257705688,0.7035980224609375
93,0.10276378442843755,0.6462802290916443,0.7035980224609375
94,0.09982599814732869,0.5711338520050049,0.7035980224609375
95,0.09618729104598363,0.5966171622276306,0.7035980224609375
96,0.09357536087433498,0.6628759503364563,0.7035980224609375
97,0.09117336322863896,0.6752438545227051,0.7035980224609375
98,0.08757486442724864,0.5966813564300537,0.7035980224609375
99,0.0842019369204839,0.6852307915687561,0.7035980224609375
100,0.08205435673395793,0.626559317111969,0.7035980224609375
