1,4.94127893447876,0.0,0
2,4.191082159678142,0.0,0
3,3.5327452023824057,0.0,0
4,3.2464466094970703,0.0,0
5,3.0071367422739663,0.0,0
6,2.793257395426432,0.0,0
7,2.6630798975626626,0.0,0
8,2.524522542953491,0.0,0
9,2.4181408882141113,0.0,0
10,2.3088534673055015,0.0,0
11,2.239377975463867,0.0,0
12,2.175541957219442,0.0,0
13,2.097130060195923,0.0,0
14,2.037068327267965,0.0,0
15,1.9738175471623738,0.0,0
16,1.9241658449172974,0.0,0
17,1.8538958231608074,0.0,0
18,1.792811354001363,0.0,0
19,1.7373608350753784,0.0,0
20,1.7030697266260784,0.0,0
21,1.6449567874272664,0.0,0
22,1.6010181109110515,0.0,0
23,1.5437223513921101,0.0,0
24,1.4869598150253296,0.0,0
25,1.4548409779866536,0.0,0
26,1.3970308701197307,0.0,0
27,1.3621249198913574,0.07724742591381073,0.07724742591381073
28,1.3137778441111247,0.05653681233525276,0.07724742591381073
29,1.2603870630264282,0.0,0.07724742591381073
30,1.2119451761245728,0.0,0.07724742591381073
31,1.1832089026769002,0.07638506591320038,0.07724742591381073
32,1.1398820877075195,0.08308039605617523,0.08308039605617523
33,1.1023369232813518,0.042341966181993484,0.08308039605617523
34,1.062772234280904,0.04753172770142555,0.08308039605617523
35,1.0253708362579346,0.09855280816555023,0.09855280816555023
36,0.9867355624834696,0.09816678613424301,0.09855280816555023
37,0.9498483339945475,0.09097716957330704,0.09855280816555023
38,0.9140704671541849,0.11361213773488998,0.11361213773488998
39,0.880212128162384,0.10958251357078552,0.11361213773488998
40,0.8488490780194601,0.09919288754463196,0.11361213773488998
41,0.8194096684455872,0.17646527290344238,0.17646527290344238
42,0.7897528409957886,0.10697081685066223,0.17646527290344238
43,0.7581857840220133,0.2088373601436615,0.2088373601436615
44,0.7356720964113871,0.24615685641765594,0.24615685641765594
45,0.7049421072006226,0.06789828836917877,0.24615685641765594
46,0.6681432525316874,0.18830905854701996,0.24615685641765594
47,0.6459123492240906,0.22931085526943207,0.24615685641765594
48,0.6203195055325826,0.13696010410785675,0.24615685641765594
49,0.596560537815094,0.26102882623672485,0.26102882623672485
50,0.5700024962425232,0.2440430223941803,0.26102882623672485
51,0.5493200620015463,0.30345532298088074,0.30345532298088074
52,0.5223937034606934,0.2281894087791443,0.30345532298088074
53,0.500615249077479,0.21143749356269836,0.30345532298088074
54,0.48370106021563214,0.29684552550315857,0.30345532298088074
55,0.45958887537320453,0.3207245171070099,0.3207245171070099
56,0.4410344362258911,0.21874839067459106,0.3207245171070099
57,0.4239356617132823,0.2744797170162201,0.3207245171070099
58,0.40792057911554974,0.4520241916179657,0.4520241916179657
59,0.38696227471033734,0.4349113404750824,0.4520241916179657
60,0.37668876846631366,0.41041743755340576,0.4520241916179657
61,0.3577706615130107,0.32597070932388306,0.4520241916179657
62,0.3408406575520833,0.48479968309402466,0.48479968309402466
63,0.3293705880641937,0.44016367197036743,0.48479968309402466
64,0.3165198564529419,0.19854333996772766,0.48479968309402466
65,0.3023743728796641,0.3715631663799286,0.48479968309402466
66,0.2914246916770935,0.4662954807281494,0.48479968309402466
67,0.27757975459098816,0.3434974253177643,0.48479968309402466
68,0.268943856159846,0.39979851245880127,0.48479968309402466
69,0.26053067048390705,0.4948504865169525,0.4948504865169525
70,0.24628381927808127,0.42851608991622925,0.4948504865169525
71,0.24052284161249796,0.44110921025276184,0.4948504865169525
72,0.23064511517683664,0.43831032514572144,0.4948504865169525
73,0.2240505317846934,0.5476408004760742,0.5476408004760742
74,0.21709496279557547,0.4832906126976013,0.5476408004760742
75,0.20549203952153525,0.49427729845046997,0.5476408004760742
76,0.19966603318850198,0.5610768795013428,0.5610768795013428
77,0.19373743732770285,0.49799224734306335,0.5610768795013428
78,0.1855879376331965,0.5163207054138184,0.5610768795013428
79,0.1811998039484024,0.49635186791419983,0.5610768795013428
80,0.17457731564839682,0.4801596701145172,0.5610768795013428
81,0.1661419024070104,0.42240405082702637,0.5610768795013428
82,0.16371082266171774,0.3782191276550293,0.5610768795013428
83,0.15604079763094583,0.5137608647346497,0.5610768795013428
84,0.15207884709040323,0.4810163676738739,0.5610768795013428
85,0.14709231754144034,0.35735276341438293,0.5610768795013428
86,0.13896236817042032,0.3199228346347809,0.5610768795013428
87,0.13685783743858337,0.5080759525299072,0.5610768795013428
88,0.13063049068053564,0.5462940335273743,0.5610768795013428
89,0.12768801053365073,0.5003700852394104,0.5610768795013428
90,0.12464722742636998,0.5506218075752258,0.5610768795013428
91,0.12362608313560486,0.4846891760826111,0.5610768795013428
92,0.11522545665502548,0.5088289380073547,0.5610768795013428
93,0.11426700403292973,0.45627039670944214,0.5610768795013428
94,0.10878165314594905,0.46667832136154175,0.5610768795013428
95,0.10689109315474828,0.5003929734230042,0.5610768795013428
96,0.10308559735616048,0.45239970088005066,0.5610768795013428
97,0.09916496028502782,0.574276328086853,0.574276328086853
98,0.09698688735564549,0.531352162361145,0.574276328086853
99,0.09483860681454341,0.4912641942501068,0.574276328086853
100,0.090113565325737,0.5609962940216064,0.574276328086853
