1,7.601667404174805,0.0,0
2,7.2110748291015625,0.0,0
3,6.868806838989258,0.0,0
4,6.518549919128418,0.0,0
5,6.222723960876465,0.0,0
6,5.954016208648682,0.0,0
7,5.6995015144348145,0.0,0
8,5.470256328582764,0.0,0
9,5.24909782409668,0.0,0
10,5.023931980133057,0.0,0
11,4.771897792816162,0.0,0
12,4.564838409423828,0.0,0
13,4.352974891662598,0.0,0
14,4.145207405090332,0.0,0
15,3.953805446624756,0.0,0
16,3.768666982650757,0.0,0
17,3.582329034805298,0.0,0
18,3.43165922164917,0.0,0
19,3.250515937805176,0.0,0
20,3.0857062339782715,0.0,0
21,2.978926420211792,0.0,0
22,2.8439247608184814,0.0,0
23,2.729335308074951,0.0,0
24,2.6147632598876953,0.02179616689682007,0.02179616689682007
25,2.5088562965393066,0.0,0.02179616689682007
26,2.416948080062866,0.0,0.02179616689682007
27,2.3150930404663086,0.0,0.02179616689682007
28,2.2493484020233154,0.0,0.02179616689682007
29,2.142329216003418,0.0,0.02179616689682007
30,2.0855562686920166,0.0,0.02179616689682007
31,2.0102241039276123,0.0,0.02179616689682007
32,1.9531630277633667,0.0,0.02179616689682007
33,1.8949013948440552,0.0,0.02179616689682007
34,1.8382023572921753,0.0,0.02179616689682007
35,1.7764500379562378,0.0,0.02179616689682007
36,1.7206212282180786,0.0,0.02179616689682007
37,1.6848318576812744,0.0,0.02179616689682007
38,1.6482652425765991,0.0,0.02179616689682007
39,1.575750708580017,0.0,0.02179616689682007
40,1.5573623180389404,0.0,0.02179616689682007
41,1.5222647190093994,0.0,0.02179616689682007
42,1.4787614345550537,0.0,0.02179616689682007
43,1.4464689493179321,0.0,0.02179616689682007
44,1.4093345403671265,0.0,0.02179616689682007
45,1.3787537813186646,0.0,0.02179616689682007
46,1.3579832315444946,0.0,0.02179616689682007
47,1.3160145282745361,0.0,0.02179616689682007
48,1.2983253002166748,0.0,0.02179616689682007
49,1.2755768299102783,0.0,0.02179616689682007
50,1.2379907369613647,0.0,0.02179616689682007
51,1.2216095924377441,0.0,0.02179616689682007
52,1.1777827739715576,0.0,0.02179616689682007
53,1.1592423915863037,0.0,0.02179616689682007
54,1.1384574174880981,0.0,0.02179616689682007
55,1.1090949773788452,0.0,0.02179616689682007
56,1.084495186805725,0.0,0.02179616689682007
57,1.0563559532165527,0.0,0.02179616689682007
58,1.0377594232559204,0.0,0.02179616689682007
59,1.029369831085205,0.0,0.02179616689682007
60,0.9934264421463013,0.0,0.02179616689682007
61,0.9628807902336121,0.0,0.02179616689682007
62,0.9461192488670349,0.0,0.02179616689682007
63,0.9217985272407532,0.0,0.02179616689682007
64,0.9108999371528625,0.0,0.02179616689682007
65,0.8761484026908875,0.0,0.02179616689682007
66,0.8771890997886658,0.0,0.02179616689682007
67,0.8465497493743896,0.0,0.02179616689682007
68,0.8355078101158142,0.06278812140226364,0.06278812140226364
69,0.8176050782203674,0.0,0.06278812140226364
70,0.7909019589424133,0.0,0.06278812140226364
71,0.7778976559638977,0.0,0.06278812140226364
72,0.7604677677154541,0.0,0.06278812140226364
73,0.7510266900062561,0.0,0.06278812140226364
74,0.7259077429771423,0.0,0.06278812140226364
75,0.720954418182373,0.0,0.06278812140226364
76,0.6927351355552673,0.0,0.06278812140226364
77,0.6840705275535583,0.0,0.06278812140226364
78,0.6588693857192993,0.0,0.06278812140226364
79,0.6603033542633057,0.0,0.06278812140226364
80,0.6403976678848267,0.0,0.06278812140226364
81,0.618022620677948,0.0,0.06278812140226364
82,0.601066529750824,0.0,0.06278812140226364
83,0.5880321860313416,0.0,0.06278812140226364
84,0.575666069984436,0.03173360973596573,0.06278812140226364
85,0.563769519329071,0.0,0.06278812140226364
86,0.5459439754486084,0.0,0.06278812140226364
87,0.5374301075935364,0.0,0.06278812140226364
88,0.5283318161964417,0.0,0.06278812140226364
89,0.508935272693634,0.0,0.06278812140226364
90,0.49848172068595886,0.0,0.06278812140226364
91,0.48837459087371826,0.0,0.06278812140226364
92,0.48321762681007385,0.0,0.06278812140226364
93,0.4679984152317047,0.0,0.06278812140226364
94,0.4583064019680023,0.0,0.06278812140226364
95,0.457291841506958,0.0,0.06278812140226364
96,0.44111859798431396,0.0,0.06278812140226364
97,0.4281488358974457,0.0,0.06278812140226364
98,0.41783758997917175,0.0,0.06278812140226364
99,0.399149090051651,0.0,0.06278812140226364
100,0.39605712890625,0.0,0.06278812140226364
