1,7.699366569519043,0.0,0
2,7.365758895874023,0.0,0
3,7.034376621246338,0.0,0
4,6.737331390380859,0.0,0
5,6.471163272857666,0.0,0
6,6.225396633148193,0.0,0
7,5.978376865386963,0.0,0
8,5.738848686218262,0.0,0
9,5.4834771156311035,0.0,0
10,5.236500263214111,0.0,0
11,5.015130996704102,0.0,0
12,4.822339057922363,0.0,0
13,4.601418972015381,0.0,0
14,4.415741443634033,0.0,0
15,4.245563983917236,0.0,0
16,4.051382064819336,0.0,0
17,3.8774940967559814,0.0,0
18,3.70455265045166,0.0,0
19,3.556063175201416,0.0,0
20,3.4039382934570312,0.0,0
21,3.2678585052490234,0.0,0
22,3.1239559650421143,0.0,0
23,3.0079150199890137,0.0,0
24,2.879953622817993,0.0,0
25,2.7830893993377686,0.0,0
26,2.6752736568450928,0.0,0
27,2.570805549621582,0.0,0
28,2.4913811683654785,0.0,0
29,2.3833396434783936,0.0,0
30,2.3079919815063477,0.0,0
31,2.236018419265747,0.0,0
32,2.169180154800415,0.0,0
33,2.0941593647003174,0.0,0
34,2.0109591484069824,0.0,0
35,1.9584720134735107,0.0,0
36,1.8970609903335571,0.0,0
37,1.843173861503601,0.0,0
38,1.782230257987976,0.0,0
39,1.7355949878692627,0.0,0
40,1.6831012964248657,0.0,0
41,1.6111682653427124,0.0,0
42,1.5755324363708496,0.0,0
43,1.5344641208648682,0.0,0
44,1.4994914531707764,0.0,0
45,1.451141357421875,0.0,0
46,1.401515007019043,0.0,0
47,1.377284049987793,0.0,0
48,1.3361601829528809,0.0,0
49,1.2974261045455933,0.0,0
50,1.2577213048934937,0.0,0
51,1.2308688163757324,0.0,0
52,1.189804196357727,0.0,0
53,1.1542965173721313,0.06155306776023328,0.06155306776023328
54,1.1149659156799316,0.08911699036545209,0.08911699036545209
55,1.0889413356781006,0.0,0.08911699036545209
56,1.0597878694534302,0.0,0.08911699036545209
57,1.0392416715621948,0.0,0.08911699036545209
58,0.9934883713722229,0.0,0.08911699036545209
59,0.9735969305038452,0.0,0.08911699036545209
60,0.95159912109375,0.0,0.08911699036545209
61,0.9127139449119568,0.0,0.08911699036545209
62,0.9012248516082764,0.0,0.08911699036545209
63,0.8710124492645264,0.0,0.08911699036545209
64,0.832091212272644,0.06838913261890411,0.08911699036545209
65,0.8073368668556213,0.0,0.08911699036545209
66,0.8009201884269714,0.0,0.08911699036545209
67,0.7617582678794861,0.0,0.08911699036545209
68,0.7424123287200928,0.0,0.08911699036545209
69,0.7164032459259033,0.13971245288848877,0.13971245288848877
70,0.7073560953140259,0.0,0.13971245288848877
71,0.6750648617744446,0.0,0.13971245288848877
72,0.6434085369110107,0.0,0.13971245288848877
73,0.6391659379005432,0.0,0.13971245288848877
74,0.614777147769928,0.0,0.13971245288848877
75,0.5945744514465332,0.0,0.13971245288848877
76,0.5699443221092224,0.05604085698723793,0.13971245288848877
77,0.5659171938896179,0.09074745327234268,0.13971245288848877
78,0.5501993298530579,0.0,0.13971245288848877
79,0.523123562335968,0.0,0.13971245288848877
80,0.522525429725647,0.0,0.13971245288848877
81,0.5018370151519775,0.0,0.13971245288848877
82,0.4716039299964905,0.0,0.13971245288848877
83,0.4712674617767334,0.0,0.13971245288848877
84,0.46013495326042175,0.0,0.13971245288848877
85,0.4405667185783386,0.0,0.13971245288848877
86,0.4276052415370941,0.0,0.13971245288848877
87,0.4129962623119354,0.0,0.13971245288848877
88,0.4041943848133087,0.08351191878318787,0.13971245288848877
89,0.38986271619796753,0.0,0.13971245288848877
90,0.383436381816864,0.0,0.13971245288848877
91,0.37199392914772034,0.0,0.13971245288848877
92,0.35498514771461487,0.05913602560758591,0.13971245288848877
93,0.35158252716064453,0.0,0.13971245288848877
94,0.33276042342185974,0.09196420013904572,0.13971245288848877
95,0.33346614241600037,0.11613845825195312,0.13971245288848877
96,0.3153298795223236,0.0,0.13971245288848877
97,0.30615994334220886,0.0,0.13971245288848877
98,0.30047792196273804,0.0,0.13971245288848877
99,0.29643890261650085,0.0,0.13971245288848877
100,0.2839372158050537,0.0,0.13971245288848877
