1,7.6041131019592285,0.0,0
2,7.226447582244873,0.0,0
3,6.826771259307861,0.0,0
4,6.51397705078125,0.0,0
5,6.208475112915039,0.0,0
6,5.9399213790893555,0.0,0
7,5.706768989562988,0.0,0
8,5.443321704864502,0.0,0
9,5.21756649017334,0.0,0
10,4.97299337387085,0.0,0
11,4.766566276550293,0.0,0
12,4.545886039733887,0.0,0
13,4.352035999298096,0.0,0
14,4.1563191413879395,0.0,0
15,3.973909854888916,0.0,0
16,3.798093318939209,0.0,0
17,3.648106098175049,0.0,0
18,3.483272075653076,0.0,0
19,3.3592541217803955,0.0,0
20,3.221562147140503,0.0,0
21,3.0928587913513184,0.0,0
22,2.9973559379577637,0.0,0
23,2.88405179977417,0.0,0
24,2.781233310699463,0.0,0
25,2.706695795059204,0.0,0
26,2.6048738956451416,0.0,0
27,2.5487558841705322,0.0,0
28,2.4607672691345215,0.0,0
29,2.392808437347412,0.0,0
30,2.3134374618530273,0.0,0
31,2.2542340755462646,0.0,0
32,2.206369161605835,0.0,0
33,2.1511194705963135,0.0,0
34,2.087379217147827,0.0,0
35,2.0275166034698486,0.0,0
36,1.9841485023498535,0.0,0
37,1.9448782205581665,0.0,0
38,1.9006706476211548,0.0,0
39,1.8577749729156494,0.0,0
40,1.8149718046188354,0.0,0
41,1.7694573402404785,0.0,0
42,1.7432917356491089,0.0,0
43,1.695791482925415,0.0,0
44,1.659401297569275,0.0,0
45,1.6341989040374756,0.0,0
46,1.5948286056518555,0.04501786455512047,0.04501786455512047
47,1.5722750425338745,0.0,0.04501786455512047
48,1.5211236476898193,0.0,0.04501786455512047
49,1.4805526733398438,0.0,0.04501786455512047
50,1.4630324840545654,0.0,0.04501786455512047
51,1.4262832403182983,0.0,0.04501786455512047
52,1.4101104736328125,0.0,0.04501786455512047
53,1.3746377229690552,0.0,0.04501786455512047
54,1.3523730039596558,0.0,0.04501786455512047
55,1.3324834108352661,0.0,0.04501786455512047
56,1.2977949380874634,0.0,0.04501786455512047
57,1.261572003364563,0.0,0.04501786455512047
58,1.239108920097351,0.0,0.04501786455512047
59,1.2106825113296509,0.0,0.04501786455512047
60,1.191341757774353,0.051507752388715744,0.051507752388715744
61,1.1626979112625122,0.0,0.051507752388715744
62,1.132124423980713,0.0,0.051507752388715744
63,1.1237138509750366,0.0,0.051507752388715744
64,1.0867801904678345,0.04282310605049133,0.051507752388715744
65,1.060665488243103,0.0,0.051507752388715744
66,1.037868618965149,0.0,0.051507752388715744
67,1.0039551258087158,0.0,0.051507752388715744
68,0.9841554164886475,0.07006087899208069,0.07006087899208069
69,0.9814954996109009,0.0,0.07006087899208069
70,0.940056562423706,0.0,0.07006087899208069
71,0.90654456615448,0.0,0.07006087899208069
72,0.9078224897384644,0.0,0.07006087899208069
73,0.872067391872406,0.0,0.07006087899208069
74,0.8438510894775391,0.0,0.07006087899208069
75,0.8331369161605835,0.0,0.07006087899208069
76,0.8073586225509644,0.0,0.07006087899208069
77,0.7929375171661377,0.0,0.07006087899208069
78,0.7717220783233643,0.0,0.07006087899208069
79,0.7539522051811218,0.0,0.07006087899208069
80,0.731883704662323,0.0,0.07006087899208069
81,0.7201645374298096,0.0,0.07006087899208069
82,0.6954566836357117,0.0,0.07006087899208069
83,0.6772570013999939,0.0,0.07006087899208069
84,0.6731436848640442,0.0,0.07006087899208069
85,0.6305304169654846,0.0,0.07006087899208069
86,0.6216016411781311,0.0,0.07006087899208069
87,0.6101988554000854,0.0,0.07006087899208069
88,0.5944324135780334,0.0,0.07006087899208069
89,0.5715993642807007,0.0,0.07006087899208069
90,0.561266303062439,0.0,0.07006087899208069
91,0.5473154783248901,0.0,0.07006087899208069
92,0.5336197018623352,0.0,0.07006087899208069
93,0.5227264165878296,0.0,0.07006087899208069
94,0.5011630058288574,0.0,0.07006087899208069
95,0.4921359717845917,0.0,0.07006087899208069
96,0.47367289662361145,0.0,0.07006087899208069
97,0.46188244223594666,0.0,0.07006087899208069
98,0.44980376958847046,0.0,0.07006087899208069
99,0.43806448578834534,0.07367311418056488,0.07367311418056488
100,0.42872071266174316,0.0,0.07367311418056488
