1,7.788539886474609,0.0,0
2,7.383059501647949,0.0,0
3,7.0343852043151855,0.0,0
4,6.685860633850098,0.0,0
5,6.363296985626221,0.0,0
6,6.06053352355957,0.0,0
7,5.793821334838867,0.0,0
8,5.511443614959717,0.0,0
9,5.25039529800415,0.0,0
10,4.995225429534912,0.0,0
11,4.765614986419678,0.0,0
12,4.543234348297119,0.0,0
13,4.313889026641846,0.0,0
14,4.1121320724487305,0.0,0
15,3.901125192642212,0.0,0
16,3.7119805812835693,0.0,0
17,3.5350382328033447,0.0,0
18,3.351677179336548,0.0,0
19,3.1752820014953613,0.0,0
20,3.0247182846069336,0.0,0
21,2.890291690826416,0.0,0
22,2.7383639812469482,0.0,0
23,2.631789207458496,0.0,0
24,2.5165631771087646,0.0,0
25,2.4116780757904053,0.0,0
26,2.313735246658325,0.0,0
27,2.2118897438049316,0.0,0
28,2.137709856033325,0.0,0
29,2.0502045154571533,0.0,0
30,1.9883455038070679,0.0,0
31,1.8986749649047852,0.0,0
32,1.8561288118362427,0.0,0
33,1.7914533615112305,0.0,0
34,1.7249417304992676,0.0,0
35,1.6662689447402954,0.0,0
36,1.6323480606079102,0.0,0
37,1.5703309774398804,0.0,0
38,1.5342727899551392,0.0,0
39,1.4780884981155396,0.0,0
40,1.4445339441299438,0.0,0
41,1.4129092693328857,0.0,0
42,1.370417833328247,0.0,0
43,1.327306866645813,0.0,0
44,1.306705117225647,0.0,0
45,1.2678728103637695,0.0,0
46,1.2439618110656738,0.0,0
47,1.207531213760376,0.0,0
48,1.194475531578064,0.0,0
49,1.157588243484497,0.0,0
50,1.130415439605713,0.0,0
51,1.1139309406280518,0.0,0
52,1.0873162746429443,0.0,0
53,1.0585600137710571,0.0,0
54,1.0228191614151,0.0,0
55,1.012304663658142,0.0,0
56,0.980164110660553,0.038198087364435196,0.038198087364435196
57,0.9712550640106201,0.0,0.038198087364435196
58,0.93031907081604,0.0,0.038198087364435196
59,0.9139417409896851,0.0,0.038198087364435196
60,0.9000561237335205,0.0,0.038198087364435196
61,0.8677743673324585,0.0,0.038198087364435196
62,0.8674818277359009,0.0,0.038198087364435196
63,0.839202344417572,0.04493428021669388,0.04493428021669388
64,0.8210496306419373,0.0,0.04493428021669388
65,0.8074340224266052,0.0,0.04493428021669388
66,0.797627866268158,0.0,0.04493428021669388
67,0.7625386118888855,0.0,0.04493428021669388
68,0.7492703795433044,0.0,0.04493428021669388
69,0.7251319885253906,0.0,0.04493428021669388
70,0.7053386569023132,0.0,0.04493428021669388
71,0.7020254731178284,0.0,0.04493428021669388
72,0.6720808148384094,0.0,0.04493428021669388
73,0.6596423983573914,0.0,0.04493428021669388
74,0.6552101969718933,0.0,0.04493428021669388
75,0.6333432793617249,0.0,0.04493428021669388
76,0.6057633757591248,0.0,0.04493428021669388
77,0.6094948649406433,0.0,0.04493428021669388
78,0.583968460559845,0.0,0.04493428021669388
79,0.5751591920852661,0.0,0.04493428021669388
80,0.5634506940841675,0.045420221984386444,0.045420221984386444
81,0.5355037450790405,0.0,0.045420221984386444
82,0.5208783745765686,0.0,0.045420221984386444
83,0.5224794149398804,0.0,0.045420221984386444
84,0.5067802667617798,0.0,0.045420221984386444
85,0.4865990877151489,0.0,0.045420221984386444
86,0.48322594165802,0.0,0.045420221984386444
87,0.4585413336753845,0.0,0.045420221984386444
88,0.46284782886505127,0.04395394027233124,0.045420221984386444
89,0.4378211498260498,0.0,0.045420221984386444
90,0.4399331212043762,0.06284268200397491,0.06284268200397491
91,0.4171519875526428,0.062136460095644,0.06284268200397491
92,0.4034678637981415,0.0,0.06284268200397491
93,0.39656761288642883,0.0,0.06284268200397491
94,0.3810921013355255,0.0,0.06284268200397491
95,0.37138041853904724,0.0,0.06284268200397491
96,0.37296077609062195,0.0,0.06284268200397491
97,0.36001697182655334,0.0,0.06284268200397491
98,0.3565417230129242,0.0,0.06284268200397491
99,0.3418291509151459,0.0,0.06284268200397491
100,0.33438438177108765,0.0,0.06284268200397491
