1,2.968025926571743,0.0,0
2,1.991872303804774,0.06378166377544403,0.06378166377544403
3,1.7378291043506306,0.040588583797216415,0.06378166377544403
4,1.5483614122791656,0.14489206671714783,0.14489206671714783
5,1.3933355299530514,0.04624536260962486,0.14489206671714783
6,1.2610476013201817,0.05251651257276535,0.14489206671714783
7,1.141826561681784,0.03905486315488815,0.14489206671714783
8,1.0383577035490874,0.22663567960262299,0.22663567960262299
9,0.9401860195360366,0.13951900601387024,0.22663567960262299
10,0.8558851138801332,0.1746131330728531,0.22663567960262299
11,0.7765628790399831,0.10170247405767441,0.22663567960262299
12,0.7074509796443259,0.09845816344022751,0.22663567960262299
13,0.6480194506751504,0.21284854412078857,0.22663567960262299
14,0.5869001736686488,0.1380731612443924,0.22663567960262299
15,0.535432643571477,0.10856791585683823,0.22663567960262299
16,0.488739375665689,0.1861475706100464,0.22663567960262299
17,0.44702812630659455,0.20068345963954926,0.22663567960262299
18,0.4059177747197971,0.25823840498924255,0.25823840498924255
19,0.37422345597652873,0.3249172270298004,0.3249172270298004
20,0.3393356157526089,0.2759435176849365,0.3249172270298004
21,0.3112523256783273,0.4020802974700928,0.4020802974700928
22,0.2903568576665441,0.21901318430900574,0.4020802974700928
23,0.26509664402266214,0.2772614061832428,0.4020802974700928
24,0.24369532477324177,0.2812398076057434,0.4020802974700928
25,0.22446945717759953,0.20374125242233276,0.4020802974700928
26,0.2092858647844594,0.23445461690425873,0.4020802974700928
27,0.19195039812356804,0.22223709523677826,0.4020802974700928
28,0.1797973114024302,0.32476139068603516,0.4020802974700928
29,0.1670775208029018,0.3010741174221039,0.4020802974700928
30,0.15661041552473784,0.27705544233322144,0.4020802974700928
31,0.14667094441925643,0.3503759801387787,0.4020802974700928
32,0.1362938851023176,0.28625166416168213,0.4020802974700928
33,0.1311032395738705,0.37269502878189087,0.4020802974700928
34,0.12238110279201701,0.3148227035999298,0.4020802974700928
35,0.114098245171225,0.22381289303302765,0.4020802974700928
36,0.11123936889088078,0.2634745240211487,0.4020802974700928
37,0.10305242975995799,0.24764426052570343,0.4020802974700928
38,0.09822961709396855,0.29606372117996216,0.4020802974700928
39,0.09575099818361034,0.37027907371520996,0.4020802974700928
40,0.09199494263453847,0.21426352858543396,0.4020802974700928
41,0.08591934483332239,0.40662598609924316,0.40662598609924316
42,0.08357639511109917,0.34271711111068726,0.40662598609924316
43,0.08238197331595573,0.3045208156108856,0.40662598609924316
44,0.07598879660485656,0.27133193612098694,0.40662598609924316
45,0.07489233397564311,0.3909744322299957,0.40662598609924316
46,0.07326781635831116,0.2908603250980377,0.40662598609924316
47,0.06945533260323439,0.2834199368953705,0.40662598609924316
48,0.0682078763652759,0.4350182116031647,0.4350182116031647
49,0.06638434239823347,0.4364778399467468,0.4364778399467468
50,0.06309540137933319,0.2851598262786865,0.4364778399467468
51,0.06205186330873495,0.30355721712112427,0.4364778399467468
52,0.060607250162940114,0.39463627338409424,0.4364778399467468
53,0.05882568129451032,0.2567930817604065,0.4364778399467468
54,0.056393035788350046,0.2720980942249298,0.4364778399467468
55,0.05456934925050113,0.3912208080291748,0.4364778399467468
56,0.0545904938677314,0.2939019501209259,0.4364778399467468
57,0.054187030537398,0.4139479100704193,0.4364778399467468
58,0.053310687291868934,0.308479905128479,0.4364778399467468
59,0.05263241042329627,0.3578149676322937,0.4364778399467468
60,0.0503501217622476,0.4560271203517914,0.4560271203517914
61,0.04845577385276556,0.3687589764595032,0.4560271203517914
62,0.04704035294188815,0.46138995885849,0.46138995885849
63,0.04615183375111431,0.4256344139575958,0.46138995885849
64,0.04377997247798807,0.2542567253112793,0.46138995885849
65,0.0443610046177533,0.30001452565193176,0.46138995885849
66,0.045582870768893294,0.33333903551101685,0.46138995885849
67,0.0441762504055147,0.36693209409713745,0.46138995885849
68,0.042641750874982516,0.23822182416915894,0.46138995885849
69,0.04114064764065348,0.3026501536369324,0.46138995885849
70,0.04309724903647687,0.32940346002578735,0.46138995885849
71,0.04204590480988193,0.2921910583972931,0.46138995885849
72,0.04119000255254803,0.36257204413414,0.46138995885849
73,0.04047765373993831,0.3214162290096283,0.46138995885849
74,0.03869072185342858,0.24719956517219543,0.46138995885849
75,0.03797414166271497,0.3135438561439514,0.46138995885849
76,0.03816351979662468,0.3556796610355377,0.46138995885849
77,0.03837409591788699,0.235675647854805,0.46138995885849
78,0.038602851651561486,0.3517652451992035,0.46138995885849
79,0.03724276564517029,0.2858647108078003,0.46138995885849
80,0.03595720115859227,0.33271822333335876,0.46138995885849
81,0.036302489020926934,0.3164248764514923,0.46138995885849
82,0.03583013208191486,0.3498988151550293,0.46138995885849
83,0.03581096399219552,0.3068000376224518,0.46138995885849
84,0.03535375856812213,0.39410096406936646,0.46138995885849
85,0.03398642817120643,0.28149425983428955,0.46138995885849
86,0.03528169272052255,0.23228105902671814,0.46138995885849
87,0.03441283574837978,0.2467833310365677,0.46138995885849
88,0.03507218086368339,0.32936936616897583,0.46138995885849
89,0.033816916209639634,0.3805416226387024,0.46138995885849
90,0.03399272221526143,0.41983404755592346,0.46138995885849
91,0.03267435757977188,0.46560484170913696,0.46560484170913696
92,0.03352539586555806,0.4061494469642639,0.46560484170913696
93,0.03254616981858661,0.38745805621147156,0.46560484170913696
94,0.03219986049707528,0.32853981852531433,0.46560484170913696
95,0.03250549090610948,0.42405781149864197,0.46560484170913696
96,0.03225889652789493,0.49018049240112305,0.49018049240112305
97,0.03281617666458248,0.21953299641609192,0.49018049240112305
98,0.03138239522446777,0.3023715317249298,0.49018049240112305
99,0.030840640282554992,0.27620384097099304,0.49018049240112305
100,0.031615186820791404,0.3339100480079651,0.49018049240112305
