1,2.965174540592607,0.0,0
2,2.0030768760450326,0.08820092678070068,0.08820092678070068
3,1.7387803580350936,0.08045642077922821,0.08820092678070068
4,1.5461095761341654,0.0,0.08820092678070068
5,1.378437834940139,0.0945204645395279,0.0945204645395279
6,1.2391533088532223,0.21537914872169495,0.21537914872169495
7,1.1164324158316206,0.16439899802207947,0.21537914872169495
8,1.0079199489514539,0.15636597573757172,0.21537914872169495
9,0.9127097042502871,0.15856218338012695,0.21537914872169495
10,0.8243009003863973,0.14146928489208221,0.21537914872169495
11,0.7461554017036583,0.28342756628990173,0.28342756628990173
12,0.6777718167775756,0.16779036819934845,0.28342756628990173
13,0.6123604922537591,0.26242363452911377,0.28342756628990173
14,0.5569961146943888,0.18202616274356842,0.28342756628990173
15,0.5059735862312803,0.2818405032157898,0.28342756628990173
16,0.4580033687269612,0.24323968589305878,0.28342756628990173
17,0.4145370070721693,0.21341641247272491,0.28342756628990173
18,0.38075425727352213,0.3235136568546295,0.3235136568546295
19,0.34642654894643526,0.32883355021476746,0.32883355021476746
20,0.31903357272315175,0.26920557022094727,0.32883355021476746
21,0.29081038770022666,0.40014177560806274,0.40014177560806274
22,0.26866686818706004,0.3933747410774231,0.40014177560806274
23,0.24556524349246056,0.2709822654724121,0.40014177560806274
24,0.22669622273581802,0.3439606726169586,0.40014177560806274
25,0.21139181391069084,0.31691285967826843,0.40014177560806274
26,0.19468809806617202,0.38608279824256897,0.40014177560806274
27,0.17933195715497255,0.27739396691322327,0.40014177560806274
28,0.16553255417354548,0.4858115613460541,0.4858115613460541
29,0.15383268010084797,0.4287433922290802,0.4858115613460541
30,0.14413804181252315,0.44562458992004395,0.4858115613460541
31,0.13395607628070624,0.3375416100025177,0.4858115613460541
32,0.1274776676562941,0.36247581243515015,0.4858115613460541
33,0.12030983032884111,0.35011884570121765,0.4858115613460541
34,0.11632386281801636,0.36477169394493103,0.4858115613460541
35,0.1090454870633259,0.31044724583625793,0.4858115613460541
36,0.10370723741829016,0.4494889974594116,0.4858115613460541
37,0.10138882725102127,0.38597571849823,0.4858115613460541
38,0.0946291646665069,0.5177606344223022,0.5177606344223022
39,0.09011403855624472,0.46926283836364746,0.5177606344223022
40,0.08559486504857707,0.4056189954280853,0.5177606344223022
41,0.081201891515665,0.40828171372413635,0.5177606344223022
42,0.07786841384449582,0.5391114354133606,0.5391114354133606
43,0.0734766523596967,0.40034082531929016,0.5391114354133606
44,0.0714634781715217,0.5293444991111755,0.5391114354133606
45,0.06929586795722223,0.37817665934562683,0.5391114354133606
46,0.06673530522425464,0.4818456172943115,0.5391114354133606
47,0.06576906519520814,0.4075683653354645,0.5391114354133606
48,0.06366962348674512,0.2703425884246826,0.5391114354133606
49,0.06343428396685108,0.5891611576080322,0.5891611576080322
50,0.059246515665369426,0.4538257122039795,0.5891611576080322
51,0.05904346538387287,0.36892005801200867,0.5891611576080322
52,0.05630936467676026,0.5568668842315674,0.5891611576080322
53,0.05565018794101894,0.36865371465682983,0.5891611576080322
54,0.05258400307576747,0.4872463345527649,0.5891611576080322
55,0.05213508408540373,0.4317009150981903,0.5891611576080322
56,0.051431431642668266,0.49014779925346375,0.5891611576080322
57,0.05027285587208666,0.5005561709403992,0.5891611576080322
58,0.0500385605961464,0.4687249958515167,0.5891611576080322
59,0.049122307538559104,0.5338407158851624,0.5891611576080322
60,0.04692926089380198,0.5449202060699463,0.5891611576080322
61,0.04493857608147108,0.5581855773925781,0.5891611576080322
62,0.04377457761104889,0.4698410928249359,0.5891611576080322
63,0.04250472155251321,0.4759746491909027,0.5891611576080322
64,0.04186431217084455,0.4160044193267822,0.5891611576080322
65,0.04237461171949365,0.3812835216522217,0.5891611576080322
66,0.04183312276508778,0.5861307382583618,0.5891611576080322
67,0.04213253979327952,0.5191501379013062,0.5891611576080322
68,0.04043262074612508,0.44972938299179077,0.5891611576080322
69,0.03921942351160535,0.42799437046051025,0.5891611576080322
70,0.041322988962197,0.5956556797027588,0.5956556797027588
71,0.040299403866764845,0.4835658073425293,0.5956556797027588
72,0.04056882819718426,0.4389823377132416,0.5956556797027588
73,0.03942891963680459,0.4486238956451416,0.5956556797027588
74,0.03933427405134318,0.5221202373504639,0.5956556797027588
75,0.038455023537063676,0.6068494319915771,0.6068494319915771
76,0.03656525811429616,0.514824390411377,0.6068494319915771
77,0.03639430583567376,0.5782302021980286,0.6068494319915771
78,0.03707804612127269,0.29928576946258545,0.6068494319915771
79,0.03813192076909884,0.4327596426010132,0.6068494319915771
80,0.03789021555263146,0.41212576627731323,0.6068494319915771
81,0.03401287560274077,0.4705362319946289,0.6068494319915771
82,0.03617486122782063,0.5120071768760681,0.6068494319915771
83,0.03550348303334159,0.44284898042678833,0.6068494319915771
84,0.03427778677955554,0.4921371340751648,0.6068494319915771
85,0.03505789058484659,0.4532109498977661,0.6068494319915771
86,0.03306332720550382,0.5042647123336792,0.6068494319915771
87,0.03384165983101365,0.47401008009910583,0.6068494319915771
88,0.0348759789707934,0.5329930782318115,0.6068494319915771
89,0.0340051591918347,0.5374245643615723,0.6068494319915771
90,0.0345497897286324,0.548284649848938,0.6068494319915771
91,0.033192357273807954,0.5242478847503662,0.6068494319915771
92,0.03257093582136236,0.5207390785217285,0.6068494319915771
93,0.032034883068008405,0.4540884494781494,0.6068494319915771
94,0.032057743270400986,0.5376551151275635,0.6068494319915771
95,0.030810905765789518,0.6174126267433167,0.6174126267433167
96,0.03138207944976107,0.4872351884841919,0.6174126267433167
97,0.032117054788811,0.44185301661491394,0.6174126267433167
98,0.03211215978405278,0.4562104344367981,0.6174126267433167
99,0.03142547191292712,0.5497415065765381,0.6174126267433167
100,0.030279157007006324,0.3871386647224426,0.6174126267433167
