1,5.213899612426758,0.0,0
2,4.881148815155029,0.0,0
3,4.566214084625244,0.0,0
4,4.269353866577148,0.0,0
5,3.945134162902832,0.0,0
6,3.6277616024017334,0.0,0
7,3.3330883979797363,0.0,0
8,3.1038882732391357,0.0,0
9,2.923344135284424,0.0,0
10,2.796595573425293,0.0,0
11,2.689512252807617,0.0,0
12,2.5942258834838867,0.0,0
13,2.502225399017334,0.0,0
14,2.394195318222046,0.0,0
15,2.3123388290405273,0.0,0
16,2.2137982845306396,0.0,0
17,2.126112699508667,0.0,0
18,2.053715467453003,0.0,0
19,1.9770359992980957,0.0,0
20,1.8926092386245728,0.0,0
21,1.8211227655410767,0.0,0
22,1.7609381675720215,0.0,0
23,1.6926336288452148,0.0,0
24,1.6330088376998901,0.0,0
25,1.5783218145370483,0.0,0
26,1.5225269794464111,0.0,0
27,1.4755644798278809,0.0,0
28,1.4279212951660156,0.0,0
29,1.356184720993042,0.0,0
30,1.3279801607131958,0.0,0
31,1.270081877708435,0.0,0
32,1.2211041450500488,0.0,0
33,1.1771786212921143,0.0,0
34,1.1379611492156982,0.0,0
35,1.093869686126709,0.0,0
36,1.0450336933135986,0.0,0
37,1.009138822555542,0.0,0
38,0.9625754356384277,0.0,0
39,0.927791953086853,0.0,0
40,0.90102219581604,0.0,0
41,0.8651008009910583,0.0,0
42,0.8408020734786987,0.0,0
43,0.7959733605384827,0.0,0
44,0.7706276774406433,0.0,0
45,0.7345398664474487,0.0,0
46,0.7048397064208984,0.048700179904699326,0.048700179904699326
47,0.6782384514808655,0.0,0.048700179904699326
48,0.6515328288078308,0.0,0.048700179904699326
49,0.6256568431854248,0.04400558024644852,0.048700179904699326
50,0.6039236187934875,0.0,0.048700179904699326
51,0.5769964456558228,0.0,0.048700179904699326
52,0.5573513507843018,0.0,0.048700179904699326
53,0.541556179523468,0.0,0.048700179904699326
54,0.5182973742485046,0.0,0.048700179904699326
55,0.4920658767223358,0.055024079978466034,0.055024079978466034
56,0.4826928973197937,0.0,0.055024079978466034
57,0.45942065119743347,0.0,0.055024079978466034
58,0.4518220126628876,0.0,0.055024079978466034
59,0.4283909499645233,0.0,0.055024079978466034
60,0.41846075654029846,0.055024079978466034,0.055024079978466034
61,0.4025319218635559,0.048700179904699326,0.055024079978466034
62,0.39219847321510315,0.0,0.055024079978466034
63,0.3806917667388916,0.0,0.055024079978466034
64,0.3648519515991211,0.0,0.055024079978466034
65,0.35534438490867615,0.0,0.055024079978466034
66,0.34217140078544617,0.0,0.055024079978466034
67,0.33138614892959595,0.05169731751084328,0.055024079978466034
68,0.32563886046409607,0.0,0.055024079978466034
69,0.3131152093410492,0.0,0.055024079978466034
70,0.30505576729774475,0.0,0.055024079978466034
71,0.2992199659347534,0.0,0.055024079978466034
72,0.28984972834587097,0.0,0.055024079978466034
73,0.2794759273529053,0.04765225201845169,0.055024079978466034
74,0.27582424879074097,0.02024700678884983,0.055024079978466034
75,0.26460856199264526,0.027943026274442673,0.055024079978466034
76,0.2567548155784607,0.0541660375893116,0.055024079978466034
77,0.25166788697242737,0.0,0.055024079978466034
78,0.2434450089931488,0.056374456733465195,0.056374456733465195
79,0.2420257031917572,0.0,0.056374456733465195
80,0.23245137929916382,0.0,0.056374456733465195
81,0.22838415205478668,0.0,0.056374456733465195
82,0.21950046718120575,0.0,0.056374456733465195
83,0.21279698610305786,0.0,0.056374456733465195
84,0.20742015540599823,0.0,0.056374456733465195
85,0.2026643007993698,0.0,0.056374456733465195
86,0.1998632848262787,0.05993783101439476,0.05993783101439476
87,0.19286327064037323,0.0,0.05993783101439476
88,0.18653182685375214,0.0,0.05993783101439476
89,0.18391366302967072,0.06389430910348892,0.06389430910348892
90,0.17755261063575745,0.0,0.06389430910348892
91,0.16994546353816986,0.0,0.06389430910348892
92,0.16775007545948029,0.0,0.06389430910348892
93,0.16036680340766907,0.0,0.06389430910348892
94,0.1583888679742813,0.0,0.06389430910348892
95,0.15359678864479065,0.0,0.06389430910348892
96,0.1477641761302948,0.0,0.06389430910348892
97,0.14449836313724518,0.0,0.06389430910348892
98,0.14029239118099213,0.11214719712734222,0.11214719712734222
99,0.138699010014534,0.07189774513244629,0.11214719712734222
100,0.1328139752149582,0.1266917735338211,0.1266917735338211
