1,2.9029534774221433,0.0,0
2,2.0735836864277055,0.0,0
3,1.7649441312073142,0.0,0
4,1.5446100599446875,0.07553854584693909,0.07553854584693909
5,1.3820517905958138,0.10384953022003174,0.10384953022003174
6,1.2447713742590254,0.08947087079286575,0.10384953022003174
7,1.1210829315671496,0.099326953291893,0.10384953022003174
8,1.0135392246732287,0.22714287042617798,0.22714287042617798
9,0.9142935067225414,0.11182328313589096,0.22714287042617798
10,0.8242923860337324,0.21153011918067932,0.22714287042617798
11,0.7422188129394677,0.18424159288406372,0.22714287042617798
12,0.6724123768745713,0.1405124068260193,0.22714287042617798
13,0.603669469333758,0.25359413027763367,0.25359413027763367
14,0.5428268051451179,0.3517534136772156,0.3517534136772156
15,0.48862858543730087,0.3495881259441376,0.3517534136772156
16,0.44079073143612807,0.491665780544281,0.491665780544281
17,0.39760194747311295,0.4901691973209381,0.491665780544281
18,0.35686017250179486,0.6022427082061768,0.6022427082061768
19,0.32238536076560903,0.4720930755138397,0.6022427082061768
20,0.28864710507499186,0.6017842888832092,0.6022427082061768
21,0.25946524767739,0.4768800437450409,0.6022427082061768
22,0.23338534346052037,0.44831129908561707,0.6022427082061768
23,0.20838276643282289,0.6505669355392456,0.6505669355392456
24,0.18988327387791532,0.4769325852394104,0.6505669355392456
25,0.1728997311679421,0.5203706622123718,0.6505669355392456
26,0.15504792811954096,0.4498250484466553,0.6505669355392456
27,0.14191119780965672,0.6092197299003601,0.6505669355392456
28,0.12707456073183923,0.6684836745262146,0.6684836745262146
29,0.1181422400816231,0.5211303234100342,0.6684836745262146
30,0.10715643226341078,0.726361095905304,0.726361095905304
31,0.09930947971097223,0.6641290783882141,0.726361095905304
32,0.09422249619843094,0.649747908115387,0.726361095905304
33,0.08645793135948242,0.5952788591384888,0.726361095905304
34,0.07995412441765427,0.5641446709632874,0.726361095905304
35,0.07731743771464201,0.6005017161369324,0.726361095905304
36,0.07127378669798753,0.527564525604248,0.726361095905304
37,0.0674848824169985,0.623153567314148,0.726361095905304
38,0.06499364419253009,0.6410178542137146,0.726361095905304
39,0.06137775369937633,0.5320333242416382,0.726361095905304
40,0.05838290836875606,0.648259162902832,0.726361095905304
41,0.05648086432391291,0.6912708282470703,0.726361095905304
42,0.05405946848261508,0.5975027680397034,0.726361095905304
43,0.050970734743650555,0.5833467841148376,0.726361095905304
44,0.04997534672640691,0.7132173180580139,0.726361095905304
45,0.04914124015789882,0.6616231203079224,0.726361095905304
46,0.04754426214060965,0.6123937368392944,0.726361095905304
47,0.046902404469289595,0.6197716593742371,0.726361095905304
48,0.046267035209639054,0.5851964354515076,0.726361095905304
49,0.044700816878752346,0.6616460084915161,0.726361095905304
50,0.04405351912092631,0.6539979577064514,0.726361095905304
51,0.043041548169674766,0.5455973148345947,0.726361095905304
52,0.04147494109762702,0.6145601272583008,0.726361095905304
53,0.040051223508491635,0.6610901355743408,0.726361095905304
54,0.040733972831279226,0.6229087710380554,0.726361095905304
55,0.03987115829186455,0.5077999830245972,0.726361095905304
56,0.039010572644650555,0.7421878576278687,0.7421878576278687
57,0.03790116587736804,0.6765210032463074,0.7421878576278687
58,0.03758371674758234,0.6376566290855408,0.7421878576278687
59,0.03747078464336836,0.6592004895210266,0.7421878576278687
60,0.03562296093530526,0.5577470660209656,0.7421878576278687
61,0.03624330682288499,0.6003161072731018,0.7421878576278687
62,0.03623696551272634,0.6053429841995239,0.7421878576278687
63,0.03588439687896686,0.6794974207878113,0.7421878576278687
64,0.03439607426144515,0.7049465179443359,0.7421878576278687
65,0.03516572128957624,0.704755425453186,0.7421878576278687
66,0.03414418262423603,0.6413249373435974,0.7421878576278687
67,0.03565221716454075,0.6937094926834106,0.7421878576278687
68,0.03424839036551061,0.6012932658195496,0.7421878576278687
69,0.03306264742010623,0.707388699054718,0.7421878576278687
70,0.03174400788725941,0.6882138252258301,0.7421878576278687
71,0.0323566010838766,0.7175072431564331,0.7421878576278687
72,0.03162532346619732,0.7345920205116272,0.7421878576278687
73,0.029918892928962684,0.742427408695221,0.742427408695221
74,0.02998696345313909,0.6993104219436646,0.742427408695221
75,0.02840101693395027,0.6990836262702942,0.742427408695221
76,0.029918188608850642,0.7006163597106934,0.742427408695221
77,0.030913255201166223,0.6526148915290833,0.742427408695221
78,0.030538506960128522,0.6872527599334717,0.742427408695221
79,0.029493256483915126,0.5923383235931396,0.742427408695221
80,0.03066991600000365,0.6982415318489075,0.742427408695221
81,0.029176099747893917,0.7420554161071777,0.742427408695221
82,0.029211204392230433,0.6582991480827332,0.742427408695221
83,0.028759823263782985,0.6122092604637146,0.742427408695221
84,0.029617877383449464,0.6873580813407898,0.742427408695221
85,0.030129009768793916,0.6748901605606079,0.742427408695221
86,0.02920295852740669,0.678276777267456,0.742427408695221
87,0.03065146671335219,0.5627025961875916,0.742427408695221
88,0.02945352015293138,0.6821613907814026,0.742427408695221
89,0.02784039533050482,0.6053155660629272,0.742427408695221
90,0.0285540221875925,0.6771726608276367,0.742427408695221
91,0.02636259805802612,0.6802685260772705,0.742427408695221
92,0.027649761266579295,0.6608166098594666,0.742427408695221
93,0.027751318389656627,0.6129097938537598,0.742427408695221
94,0.027162607827455186,0.668904721736908,0.742427408695221
95,0.026683834740286988,0.7207030653953552,0.742427408695221
96,0.027719044562571557,0.6218806505203247,0.742427408695221
97,0.026974828993889748,0.6070690155029297,0.742427408695221
98,0.026566293903264652,0.6856420636177063,0.742427408695221
99,0.025881555892384736,0.757180392742157,0.757180392742157
100,0.026366008623580264,0.6601539850234985,0.757180392742157
