1,2.938648533669247,0.0,0
2,2.092182473771891,0.05093146115541458,0.05093146115541458
3,1.814513171554371,0.0,0.05093146115541458
4,1.5884927875676733,0.09940029680728912,0.09940029680728912
5,1.419142381400819,0.0,0.09940029680728912
6,1.2790981888011763,0.0,0.09940029680728912
7,1.1625474960940658,0.1993567794561386,0.1993567794561386
8,1.0542422058476004,0.15006741881370544,0.1993567794561386
9,0.9573175998250391,0.14882108569145203,0.1993567794561386
10,0.865864454181331,0.2056039422750473,0.2056039422750473
11,0.7868080590940585,0.2879820168018341,0.2879820168018341
12,0.712955566728191,0.22918187081813812,0.2879820168018341
13,0.6437993152126386,0.3327208459377289,0.3327208459377289
14,0.5851624843421256,0.3276170790195465,0.3327208459377289
15,0.5271817280608377,0.2751706540584564,0.3327208459377289
16,0.4771747628974307,0.33249732851982117,0.3327208459377289
17,0.43057668417882006,0.36118924617767334,0.36118924617767334
18,0.3888906187312618,0.3937186300754547,0.3937186300754547
19,0.35079138341603006,0.35084396600723267,0.3937186300754547
20,0.3186564918156642,0.3514021635055542,0.3937186300754547
21,0.28801741294420447,0.3922974467277527,0.3937186300754547
22,0.2569218947059789,0.38632792234420776,0.3937186300754547
23,0.23442798368870074,0.4220193922519684,0.4220193922519684
24,0.21018926277282132,0.34805047512054443,0.4220193922519684
25,0.1902289553812355,0.5348290205001831,0.5348290205001831
26,0.17224010981761725,0.523963212966919,0.5348290205001831
27,0.15593539083459576,0.43444904685020447,0.5348290205001831
28,0.14446235566761842,0.46684566140174866,0.5348290205001831
29,0.12977022335977312,0.6030226945877075,0.6030226945877075
30,0.11917869476186242,0.41706064343452454,0.6030226945877075
31,0.1097260012178664,0.5628362894058228,0.6030226945877075
32,0.1026309155354834,0.6010815501213074,0.6030226945877075
33,0.09426525235176086,0.5573254823684692,0.6030226945877075
34,0.08901204593527089,0.636760950088501,0.636760950088501
35,0.08257060070895846,0.6704645752906799,0.6704645752906799
36,0.07877633260313872,0.5807172060012817,0.6704645752906799
37,0.07337330056318811,0.4678618311882019,0.6704645752906799
38,0.06853790258526042,0.5382266640663147,0.6704645752906799
39,0.06475810509673349,0.5983339548110962,0.6704645752906799
40,0.06278100885023737,0.4565447270870209,0.6704645752906799
41,0.061541807072557464,0.5658665299415588,0.6704645752906799
42,0.0575234867679845,0.6234500408172607,0.6704645752906799
43,0.05398438749894215,0.6401529908180237,0.6704645752906799
44,0.053279197341792144,0.5323185920715332,0.6704645752906799
45,0.05060884031425616,0.6321472525596619,0.6704645752906799
46,0.049561603065983506,0.5307414531707764,0.6704645752906799
47,0.04746851030808345,0.6783732175827026,0.6783732175827026
48,0.04729988840023044,0.6210153102874756,0.6783732175827026
49,0.04623429413149311,0.6103787422180176,0.6783732175827026
50,0.04619437543924447,0.5325148701667786,0.6783732175827026
51,0.04504134045664672,0.527452826499939,0.6783732175827026
52,0.04404549252028298,0.6369470357894897,0.6783732175827026
53,0.04152659426449211,0.631384551525116,0.6783732175827026
54,0.04016506868847616,0.6111103296279907,0.6783732175827026
55,0.040686577167006056,0.5429696440696716,0.6783732175827026
56,0.04080746157960907,0.6350458860397339,0.6783732175827026
57,0.03894818298945761,0.6244975924491882,0.6783732175827026
58,0.03757534880238544,0.6335391998291016,0.6783732175827026
59,0.03771411492874858,0.6554343700408936,0.6783732175827026
60,0.037154165832147854,0.6260451674461365,0.6783732175827026
61,0.03651874410996961,0.5947238802909851,0.6783732175827026
62,0.035305944639169105,0.53586745262146,0.6783732175827026
63,0.034283072023302504,0.5407237410545349,0.6783732175827026
64,0.03724529491559525,0.595463216304779,0.6783732175827026
65,0.03502743700103965,0.6395949125289917,0.6783732175827026
66,0.03411476303390257,0.6580725908279419,0.6783732175827026
67,0.03435069215217024,0.6422436833381653,0.6783732175827026
68,0.03358117491006851,0.5623933672904968,0.6783732175827026
69,0.03363594464411971,0.5651273727416992,0.6783732175827026
70,0.03252824785033609,0.5844719409942627,0.6783732175827026
71,0.03197619045497316,0.6182518005371094,0.6783732175827026
72,0.03177623369191198,0.6691214442253113,0.6783732175827026
73,0.032011092231152165,0.6210277080535889,0.6783732175827026
74,0.031120018719155696,0.5929542183876038,0.6783732175827026
75,0.03127975143183758,0.7233343720436096,0.7233343720436096
76,0.03120219924896481,0.6128044128417969,0.7233343720436096
77,0.03027476524566389,0.5666444897651672,0.7233343720436096
78,0.031076098463029427,0.6216108202934265,0.7233343720436096
79,0.03280503010958623,0.6566306948661804,0.7233343720436096
80,0.03131918041747372,0.5546662211418152,0.7233343720436096
81,0.03150489150137184,0.670403003692627,0.7233343720436096
82,0.030034411114278684,0.5725080370903015,0.7233343720436096
83,0.029522305381169935,0.5887201428413391,0.7233343720436096
84,0.028444609833157556,0.6122092604637146,0.7233343720436096
85,0.029058815810568392,0.6801839470863342,0.7233343720436096
86,0.027590380548529185,0.6298258304595947,0.7233343720436096
87,0.02949940638652273,0.5616707801818848,0.7233343720436096
88,0.028976183307541023,0.6388869881629944,0.7233343720436096
89,0.028072830761195558,0.5959650874137878,0.7233343720436096
90,0.028586839841809243,0.6840182542800903,0.7233343720436096
91,0.028555121551605927,0.6660418510437012,0.7233343720436096
92,0.028301403234908536,0.6094613671302795,0.7233343720436096
93,0.02823694346318389,0.6079733371734619,0.7233343720436096
94,0.027579476017279513,0.6934919953346252,0.7233343720436096
95,0.027665649783933998,0.6608260273933411,0.7233343720436096
96,0.02774476224948077,0.6721987724304199,0.7233343720436096
97,0.028053787080155816,0.5088459849357605,0.7233343720436096
98,0.02776154793004037,0.6355966329574585,0.7233343720436096
99,0.026952498714042126,0.7002533674240112,0.7233343720436096
100,0.026058837845565598,0.6082847118377686,0.7233343720436096
