1,5.004603385925293,0.0,0
2,4.7054219245910645,0.0,0
3,4.3652143478393555,0.0,0
4,4.016739845275879,0.0,0
5,3.703566312789917,0.0,0
6,3.4482245445251465,0.0,0
7,3.334655284881592,0.0,0
8,2.9973578453063965,0.0,0
9,2.7974700927734375,0.0,0
10,2.677114248275757,0.0,0
11,2.4932260513305664,0.0,0
12,2.3211588859558105,0.0,0
13,2.221879005432129,0.0,0
14,1.9904741048812866,0.0,0
15,1.8597354888916016,0.03743701055645943,0.03743701055645943
16,1.7576926946640015,0.0,0.03743701055645943
17,1.6811660528182983,0.0,0.03743701055645943
18,1.5318975448608398,0.0,0.03743701055645943
19,1.4592370986938477,0.0,0.03743701055645943
20,1.3191078901290894,0.05369292572140694,0.05369292572140694
21,1.2276475429534912,0.0610504113137722,0.0610504113137722
22,1.1611698865890503,0.10160335153341293,0.10160335153341293
23,1.0515193939208984,0.0,0.10160335153341293
24,0.9516825675964355,0.0,0.10160335153341293
25,0.892808735370636,0.0,0.10160335153341293
26,0.8105036020278931,0.05019665136933327,0.10160335153341293
27,0.7169806361198425,0.06351320445537567,0.10160335153341293
28,0.6706106066703796,0.0,0.10160335153341293
29,0.6133118271827698,0.06652049720287323,0.10160335153341293
30,0.5446015000343323,0.0,0.10160335153341293
31,0.5495172142982483,0.07922069728374481,0.10160335153341293
32,0.46831074357032776,0.09405627101659775,0.10160335153341293
33,0.4352082312107086,0.0,0.10160335153341293
34,0.4194391369819641,0.05949501693248749,0.10160335153341293
35,0.37622886896133423,0.0,0.10160335153341293
36,0.32837975025177,0.0,0.10160335153341293
37,0.33938515186309814,0.0,0.10160335153341293
38,0.2975742220878601,0.05796996131539345,0.10160335153341293
39,0.27470582723617554,0.0,0.10160335153341293
40,0.2517731189727783,0.0,0.10160335153341293
41,0.23971781134605408,0.0,0.10160335153341293
42,0.2232658416032791,0.0,0.10160335153341293
43,0.2064732015132904,0.07681424170732498,0.10160335153341293
44,0.18657854199409485,0.0,0.10160335153341293
45,0.18142500519752502,0.09766554087400436,0.10160335153341293
46,0.1709023267030716,0.10971939563751221,0.10971939563751221
47,0.15840008854866028,0.12852272391319275,0.12852272391319275
48,0.1665264070034027,0.0,0.12852272391319275
49,0.1472322940826416,0.07680513709783554,0.12852272391319275
50,0.1397569477558136,0.07310175895690918,0.12852272391319275
51,0.1333916038274765,0.0,0.12852272391319275
52,0.12683387100696564,0.0,0.12852272391319275
53,0.12192821502685547,0.0,0.12852272391319275
54,0.113353431224823,0.0,0.12852272391319275
55,0.11705706268548965,0.0731242448091507,0.12852272391319275
56,0.10777758061885834,0.0896335169672966,0.12852272391319275
57,0.1030707135796547,0.0,0.12852272391319275
58,0.11094188690185547,0.0,0.12852272391319275
59,0.09289899468421936,0.0,0.12852272391319275
60,0.10169388353824615,0.0,0.12852272391319275
61,0.09167326986789703,0.07794858712241193,0.12852272391319275
62,0.08348899334669113,0.07779636234045029,0.12852272391319275
63,0.08501160889863968,0.061805736273527145,0.12852272391319275
64,0.08048870414495468,0.0,0.12852272391319275
65,0.07923255115747452,0.0,0.12852272391319275
66,0.07812394201755524,0.0,0.12852272391319275
67,0.07164555788040161,0.0,0.12852272391319275
68,0.07254324853420258,0.0,0.12852272391319275
69,0.07499544322490692,0.0,0.12852272391319275
70,0.07064392417669296,0.0,0.12852272391319275
71,0.06851669400930405,0.0,0.12852272391319275
72,0.06770089268684387,0.06920389086008072,0.12852272391319275
73,0.06808517873287201,0.0,0.12852272391319275
74,0.06227783486247063,0.0,0.12852272391319275
75,0.06164991855621338,0.0,0.12852272391319275
76,0.060188453644514084,0.0,0.12852272391319275
77,0.06252487748861313,0.0,0.12852272391319275
78,0.059780944138765335,0.0,0.12852272391319275
79,0.05768377333879471,0.0,0.12852272391319275
80,0.05859990045428276,0.0,0.12852272391319275
81,0.05773568153381348,0.0,0.12852272391319275
82,0.05419022962450981,0.0,0.12852272391319275
83,0.054083120077848434,0.0,0.12852272391319275
84,0.05117720365524292,0.0,0.12852272391319275
85,0.0506555512547493,0.0,0.12852272391319275
86,0.05470139905810356,0.07102762162685394,0.12852272391319275
87,0.04864349216222763,0.0,0.12852272391319275
88,0.05108768492937088,0.0,0.12852272391319275
89,0.048472363501787186,0.1324818879365921,0.1324818879365921
90,0.04650698974728584,0.0,0.1324818879365921
91,0.046694058924913406,0.0,0.1324818879365921
92,0.04704440385103226,0.0,0.1324818879365921
93,0.04431993141770363,0.0,0.1324818879365921
94,0.04215487092733383,0.0,0.1324818879365921
95,0.04402827471494675,0.0,0.1324818879365921
96,0.04248639568686485,0.07850687950849533,0.1324818879365921
97,0.04156012460589409,0.0,0.1324818879365921
98,0.04324308782815933,0.0,0.1324818879365921
99,0.041721161454916,0.12485792487859726,0.1324818879365921
100,0.03864900767803192,0.0,0.1324818879365921
