1,5.319859504699707,0.0,0
2,5.004317283630371,0.0,0
3,4.6750688552856445,0.0,0
4,4.478930473327637,0.0,0
5,4.250976085662842,0.0,0
6,3.8835816383361816,0.0,0
7,3.873121976852417,0.0,0
8,3.607654094696045,0.0,0
9,3.371537685394287,0.0,0
10,3.2370715141296387,0.0,0
11,3.0070533752441406,0.0,0
12,2.7947685718536377,0.0,0
13,2.7064850330352783,0.0,0
14,2.5696566104888916,0.0,0
15,2.376527786254883,0.0,0
16,2.1297926902770996,0.0,0
17,2.022672176361084,0.0,0
18,1.935681939125061,0.05703827366232872,0.05703827366232872
19,1.8258424997329712,0.0,0.05703827366232872
20,1.6560680866241455,0.0,0.05703827366232872
21,1.5188028812408447,0.0,0.05703827366232872
22,1.4188623428344727,0.0,0.05703827366232872
23,1.2908318042755127,0.0,0.05703827366232872
24,1.2092430591583252,0.05574919283390045,0.05703827366232872
25,1.1616817712783813,0.0,0.05703827366232872
26,1.0778465270996094,0.0,0.05703827366232872
27,0.9796775579452515,0.0,0.05703827366232872
28,0.954201340675354,0.0,0.05703827366232872
29,0.8618961572647095,0.0,0.05703827366232872
30,0.7858970761299133,0.06817878782749176,0.06817878782749176
31,0.7684818506240845,0.0,0.06817878782749176
32,0.6784781217575073,0.05612276494503021,0.06817878782749176
33,0.6637459397315979,0.07817495614290237,0.07817495614290237
34,0.5977358222007751,0.07480107992887497,0.07817495614290237
35,0.559761106967926,0.0,0.07817495614290237
36,0.5249404907226562,0.0,0.07817495614290237
37,0.4904450476169586,0.0644896849989891,0.07817495614290237
38,0.4595552086830139,0.07398021221160889,0.07817495614290237
39,0.476299524307251,0.0,0.07817495614290237
40,0.42257970571517944,0.0,0.07817495614290237
41,0.39018338918685913,0.0,0.07817495614290237
42,0.37435004115104675,0.04968632012605667,0.07817495614290237
43,0.3389269709587097,0.0,0.07817495614290237
44,0.34624117612838745,0.0,0.07817495614290237
45,0.3150582015514374,0.06273305416107178,0.07817495614290237
46,0.2995719611644745,0.0,0.07817495614290237
47,0.29553335905075073,0.0,0.07817495614290237
48,0.2653675675392151,0.0,0.07817495614290237
49,0.24573257565498352,0.05316394567489624,0.07817495614290237
50,0.2406688630580902,0.0,0.07817495614290237
51,0.23583292961120605,0.10394249856472015,0.10394249856472015
52,0.222870871424675,0.0,0.10394249856472015
53,0.21414968371391296,0.1113530769944191,0.1113530769944191
54,0.1974392831325531,0.0,0.1113530769944191
55,0.2009412944316864,0.0,0.1113530769944191
56,0.18911074101924896,0.04521196335554123,0.1113530769944191
57,0.1803915798664093,0.04567224159836769,0.1113530769944191
58,0.1707395762205124,0.05950229614973068,0.1113530769944191
59,0.16463637351989746,0.0604238323867321,0.1113530769944191
60,0.16798236966133118,0.0,0.1113530769944191
61,0.151448056101799,0.0,0.1113530769944191
62,0.14900776743888855,0.06485535949468613,0.1113530769944191
63,0.14963452517986298,0.0,0.1113530769944191
64,0.14369000494480133,0.055925268679857254,0.1113530769944191
65,0.13694794476032257,0.0,0.1113530769944191
66,0.13844089210033417,0.0,0.1113530769944191
67,0.12686564028263092,0.05615389719605446,0.1113530769944191
68,0.12348709255456924,0.0,0.1113530769944191
69,0.12132017314434052,0.0,0.1113530769944191
70,0.1180054172873497,0.0,0.1113530769944191
71,0.11393650621175766,0.0,0.1113530769944191
72,0.11122596263885498,0.0,0.1113530769944191
73,0.10897332429885864,0.07031025737524033,0.1113530769944191
74,0.10582995414733887,0.0,0.1113530769944191
75,0.10020875930786133,0.0,0.1113530769944191
76,0.10061101615428925,0.0,0.1113530769944191
77,0.09823577105998993,0.0,0.1113530769944191
78,0.0958394929766655,0.07143992930650711,0.1113530769944191
79,0.09340266138315201,0.06994279474020004,0.1113530769944191
80,0.09337786585092545,0.06262844800949097,0.1113530769944191
81,0.08659354597330093,0.059087321162223816,0.1113530769944191
82,0.08846111595630646,0.10076878219842911,0.1113530769944191
83,0.08288848400115967,0.05887075513601303,0.1113530769944191
84,0.08355448395013809,0.0,0.1113530769944191
85,0.0857141762971878,0.0,0.1113530769944191
86,0.0798531249165535,0.08529786765575409,0.1113530769944191
87,0.083514004945755,0.0,0.1113530769944191
88,0.07969686388969421,0.0,0.1113530769944191
89,0.07710148394107819,0.0,0.1113530769944191
90,0.07710824906826019,0.0,0.1113530769944191
91,0.07571318745613098,0.0905621349811554,0.1113530769944191
92,0.07409869134426117,0.0,0.1113530769944191
93,0.07182198762893677,0.109873928129673,0.1113530769944191
94,0.07388262450695038,0.0,0.1113530769944191
95,0.06915319710969925,0.0,0.1113530769944191
96,0.06990747898817062,0.0,0.1113530769944191
97,0.06509373337030411,0.0,0.1113530769944191
98,0.06318862736225128,0.0,0.1113530769944191
99,0.06353090703487396,0.10540060698986053,0.1113530769944191
100,0.06841306388378143,0.0,0.1113530769944191
