1,5.213200569152832,0.0,0
2,4.934056282043457,0.0,0
3,4.621870040893555,0.0,0
4,4.306169033050537,0.0,0
5,3.9814212322235107,0.0,0
6,3.667072057723999,0.0,0
7,3.36811900138855,0.0,0
8,3.14095401763916,0.0,0
9,2.9888033866882324,0.0,0
10,2.8621768951416016,0.0,0
11,2.743621826171875,0.0,0
12,2.657043695449829,0.0,0
13,2.550963878631592,0.0,0
14,2.4309568405151367,0.0,0
15,2.343573808670044,0.0,0
16,2.2511024475097656,0.0,0
17,2.172013282775879,0.0,0
18,2.078610420227051,0.0,0
19,2.0180177688598633,0.0,0
20,1.9321131706237793,0.0,0
21,1.8629064559936523,0.0,0
22,1.7995309829711914,0.0,0
23,1.739925742149353,0.0,0
24,1.6837788820266724,0.0,0
25,1.6121515035629272,0.0,0
26,1.5623136758804321,0.0,0
27,1.5079107284545898,0.0,0
28,1.4496188163757324,0.0,0
29,1.406641960144043,0.0,0
30,1.3545598983764648,0.0,0
31,1.3138720989227295,0.0,0
32,1.2601900100708008,0.0,0
33,1.2153319120407104,0.024687860161066055,0.024687860161066055
34,1.1712522506713867,0.0,0.024687860161066055
35,1.1387428045272827,0.02681213989853859,0.02681213989853859
36,1.0889796018600464,0.03376761078834534,0.03376761078834534
37,1.0496987104415894,0.0,0.03376761078834534
38,1.0147987604141235,0.0,0.03376761078834534
39,0.976398229598999,0.0,0.03376761078834534
40,0.9400579929351807,0.028215616941452026,0.03376761078834534
41,0.8986448645591736,0.0,0.03376761078834534
42,0.8619531393051147,0.048278894275426865,0.048278894275426865
43,0.8313748240470886,0.0660712867975235,0.0660712867975235
44,0.7997338771820068,0.07395929098129272,0.07395929098129272
45,0.7720663547515869,0.0,0.07395929098129272
46,0.7311260104179382,0.0,0.07395929098129272
47,0.7087684869766235,0.0,0.07395929098129272
48,0.6822817325592041,0.0,0.07395929098129272
49,0.6627036333084106,0.0,0.07395929098129272
50,0.6229099035263062,0.04767948016524315,0.07395929098129272
51,0.6017389893531799,0.0399039164185524,0.07395929098129272
52,0.5858845114707947,0.0,0.07395929098129272
53,0.5565575957298279,0.027321601286530495,0.07395929098129272
54,0.5443968772888184,0.0,0.07395929098129272
55,0.5262501835823059,0.030864497646689415,0.07395929098129272
56,0.5091886520385742,0.03418983891606331,0.07395929098129272
57,0.48732632398605347,0.036446575075387955,0.07395929098129272
58,0.4682079255580902,0.17663854360580444,0.17663854360580444
59,0.45279461145401,0.046086929738521576,0.17663854360580444
60,0.4434521794319153,0.03896547481417656,0.17663854360580444
61,0.42654845118522644,0.05422484502196312,0.17663854360580444
62,0.4165084958076477,0.059661027044057846,0.17663854360580444
63,0.3967130780220032,0.0,0.17663854360580444
64,0.3861347436904907,0.061102092266082764,0.17663854360580444
65,0.3797113299369812,0.0,0.17663854360580444
66,0.36972537636756897,0.0,0.17663854360580444
67,0.3508927822113037,0.0,0.17663854360580444
68,0.3442964255809784,0.084866464138031,0.17663854360580444
69,0.3320920169353485,0.0,0.17663854360580444
70,0.32513532042503357,0.030534712597727776,0.17663854360580444
71,0.31716200709342957,0.033335987478494644,0.17663854360580444
72,0.30663472414016724,0.11577369272708893,0.17663854360580444
73,0.30777525901794434,0.10643936693668365,0.17663854360580444
74,0.2903320789337158,0.0,0.17663854360580444
75,0.28837305307388306,0.13218237459659576,0.17663854360580444
76,0.28015607595443726,0.0,0.17663854360580444
77,0.2752116322517395,0.030229222029447556,0.17663854360580444
78,0.26995909214019775,0.04004695639014244,0.17663854360580444
79,0.26082533597946167,0.0,0.17663854360580444
80,0.2565120756626129,0.0,0.17663854360580444
81,0.24866874516010284,0.04469175636768341,0.17663854360580444
82,0.24087345600128174,0.10670404881238937,0.17663854360580444
83,0.23726516962051392,0.08705978840589523,0.17663854360580444
84,0.22860215604305267,0.0,0.17663854360580444
85,0.22541582584381104,0.0,0.17663854360580444
86,0.22003108263015747,0.054964788258075714,0.17663854360580444
87,0.21594440937042236,0.058940064162015915,0.17663854360580444
88,0.21092598140239716,0.03667888790369034,0.17663854360580444
89,0.20262329280376434,0.07861167192459106,0.17663854360580444
90,0.2016211301088333,0.051566313952207565,0.17663854360580444
91,0.1939283162355423,0.07428201287984848,0.17663854360580444
92,0.19130653142929077,0.19764094054698944,0.19764094054698944
93,0.18319827318191528,0.07452180981636047,0.19764094054698944
94,0.17928782105445862,0.14436736702919006,0.19764094054698944
95,0.17720860242843628,0.05592838674783707,0.19764094054698944
96,0.1702636480331421,0.06215326115489006,0.19764094054698944
97,0.16747038066387177,0.06861772388219833,0.19764094054698944
98,0.16168899834156036,0.13671840727329254,0.19764094054698944
99,0.15518496930599213,0.08617852628231049,0.19764094054698944
100,0.15251892805099487,0.08672301471233368,0.19764094054698944
