1,5.191002368927002,0.0,0
2,4.893222808837891,0.0,0
3,4.578735828399658,0.0,0
4,4.275369167327881,0.0,0
5,3.94453501701355,0.0,0
6,3.643160104751587,0.0,0
7,3.3695082664489746,0.0,0
8,3.146522283554077,0.0,0
9,2.9723405838012695,0.0,0
10,2.847942590713501,0.0,0
11,2.747529983520508,0.0,0
12,2.6609373092651367,0.0,0
13,2.5546445846557617,0.0,0
14,2.4400579929351807,0.0,0
15,2.3431432247161865,0.0,0
16,2.2497875690460205,0.0,0
17,2.159064292907715,0.0,0
18,2.0845961570739746,0.0,0
19,2.0182666778564453,0.0,0
20,1.9369059801101685,0.0,0
21,1.8710486888885498,0.0,0
22,1.8074678182601929,0.0,0
23,1.7448723316192627,0.0,0
24,1.6966019868850708,0.0,0
25,1.6266435384750366,0.0,0
26,1.577691912651062,0.0,0
27,1.5251041650772095,0.0,0
28,1.4810452461242676,0.0,0
29,1.4196434020996094,0.0,0
30,1.3763127326965332,0.0,0
31,1.3304574489593506,0.0,0
32,1.274813175201416,0.0,0
33,1.2462977170944214,0.0,0
34,1.1932287216186523,0.0,0
35,1.154457449913025,0.0,0
36,1.106064796447754,0.0,0
37,1.0691556930541992,0.0,0
38,1.0385010242462158,0.0,0
39,0.9957416653633118,0.0,0
40,0.9556199908256531,0.0,0
41,0.9238804578781128,0.01443176344037056,0.01443176344037056
42,0.8792027235031128,0.0,0.01443176344037056
43,0.8474992513656616,0.0,0.01443176344037056
44,0.8109131455421448,0.0,0.01443176344037056
45,0.7835976481437683,0.01950020156800747,0.01950020156800747
46,0.7548487782478333,0.0,0.01950020156800747
47,0.722562849521637,0.0,0.01950020156800747
48,0.6956415772438049,0.0,0.01950020156800747
49,0.6705377697944641,0.0,0.01950020156800747
50,0.6415389180183411,0.0,0.01950020156800747
51,0.6211677193641663,0.0,0.01950020156800747
52,0.5927188992500305,0.0,0.01950020156800747
53,0.5716180205345154,0.0,0.01950020156800747
54,0.5556440949440002,0.0,0.01950020156800747
55,0.5279408097267151,0.0,0.01950020156800747
56,0.5134422779083252,0.05672287940979004,0.05672287940979004
57,0.48908644914627075,0.0,0.05672287940979004
58,0.47892436385154724,0.022888677194714546,0.05672287940979004
59,0.4556884765625,0.0,0.05672287940979004
60,0.4444919526576996,0.03131578862667084,0.05672287940979004
61,0.427661657333374,0.0,0.05672287940979004
62,0.41348639130592346,0.0,0.05672287940979004
63,0.39831915497779846,0.030193747952580452,0.05672287940979004
64,0.39350074529647827,0.038329027593135834,0.05672287940979004
65,0.3737289011478424,0.0,0.05672287940979004
66,0.36231452226638794,0.0,0.05672287940979004
67,0.35437896847724915,0.0,0.05672287940979004
68,0.3425045907497406,0.0,0.05672287940979004
69,0.33371254801750183,0.05721248686313629,0.05721248686313629
70,0.325720876455307,0.022889135405421257,0.05721248686313629
71,0.31577324867248535,0.09108373522758484,0.09108373522758484
72,0.30666789412498474,0.0,0.09108373522758484
73,0.30103862285614014,0.06357619911432266,0.09108373522758484
74,0.2909456491470337,0.0,0.09108373522758484
75,0.28250452876091003,0.0,0.09108373522758484
76,0.2773127257823944,0.057262811809778214,0.09108373522758484
77,0.2714965045452118,0.0,0.09108373522758484
78,0.261445015668869,0.07995240390300751,0.09108373522758484
79,0.25646862387657166,0.021813414990901947,0.09108373522758484
80,0.25271493196487427,0.0,0.09108373522758484
81,0.24377155303955078,0.0,0.09108373522758484
82,0.24062246084213257,0.058162394911050797,0.09108373522758484
83,0.2318124622106552,0.11476247012615204,0.11476247012615204
84,0.22626018524169922,0.0,0.11476247012615204
85,0.2186536341905594,0.022782450541853905,0.11476247012615204
86,0.21457529067993164,0.05024804174900055,0.11476247012615204
87,0.209999680519104,0.08787516504526138,0.11476247012615204
88,0.2038007229566574,0.08060574531555176,0.11476247012615204
89,0.20129339396953583,0.04344327747821808,0.11476247012615204
90,0.19440799951553345,0.09379679709672928,0.11476247012615204
91,0.19145500659942627,0.0,0.11476247012615204
92,0.18363381922245026,0.07632215321063995,0.11476247012615204
93,0.1801173835992813,0.08272302150726318,0.11476247012615204
94,0.17642764747142792,0.030351364985108376,0.11476247012615204
95,0.1727602630853653,0.06196071207523346,0.11476247012615204
96,0.16726888716220856,0.08360262215137482,0.11476247012615204
97,0.1661028414964676,0.06607750803232193,0.11476247012615204
98,0.15834584832191467,0.07734958082437515,0.11476247012615204
99,0.15158355236053467,0.07185277342796326,0.11476247012615204
100,0.15034927427768707,0.0,0.11476247012615204
