1,5.14367151260376,0.0,0
2,4.378520329793294,0.0,0
3,3.8452066580454507,0.0,0
4,3.459422508875529,0.0,0
5,3.1668984095255532,0.0,0
6,2.957633892695109,0.0,0
7,2.769373814264933,0.0,0
8,2.6114493211110434,0.0,0
9,2.494274377822876,0.0,0
10,2.392718235651652,0.0,0
11,2.292763868967692,0.0,0
12,2.1920748551686606,0.0,0
13,2.0972230434417725,0.061392108055804195,0.061392108055804195
14,2.020836353302002,0.0,0.061392108055804195
15,1.943482518196106,0.0,0.061392108055804195
16,1.8654852310816448,0.0,0.061392108055804195
17,1.7928022146224976,0.0,0.061392108055804195
18,1.7405243714650471,0.15234926342964172,0.15234926342964172
19,1.6673043568929036,0.0,0.15234926342964172
20,1.6180753310521443,0.15633909404277802,0.15633909404277802
21,1.5290216207504272,0.1435934156179428,0.15633909404277802
22,1.471826155980428,0.16943684220314026,0.16943684220314026
23,1.4373490413029988,0.18561454117298126,0.18561454117298126
24,1.381957769393921,0.16133372485637665,0.18561454117298126
25,1.317785104115804,0.12058115750551224,0.18561454117298126
26,1.2625438769658406,0.2094789743423462,0.2094789743423462
27,1.230331261952718,0.15237361192703247,0.2094789743423462
28,1.1738927364349365,0.2722242772579193,0.2722242772579193
29,1.1245140234629314,0.33855244517326355,0.33855244517326355
30,1.0734617710113525,0.26416802406311035,0.33855244517326355
31,1.041576584180196,0.3495510518550873,0.3495510518550873
32,0.9825264811515808,0.4689921438694,0.4689921438694
33,0.9532586137453715,0.30013221502304077,0.4689921438694
34,0.9122699101765951,0.3146563172340393,0.4689921438694
35,0.8736819426218668,0.2086901217699051,0.4689921438694
36,0.8341982364654541,0.40733325481414795,0.4689921438694
37,0.8024153510729471,0.40177053213119507,0.4689921438694
38,0.7462429205576578,0.4223916828632355,0.4689921438694
39,0.7220946351687113,0.4473460912704468,0.4689921438694
40,0.6980525056521097,0.43947991728782654,0.4689921438694
41,0.6632239818572998,0.44487226009368896,0.4689921438694
42,0.6396058201789856,0.5044370889663696,0.5044370889663696
43,0.599920411904653,0.5127683877944946,0.5127683877944946
44,0.5745131373405457,0.5064075589179993,0.5127683877944946
45,0.5495079755783081,0.6636621356010437,0.6636621356010437
46,0.517855147520701,0.46444767713546753,0.6636621356010437
47,0.49902841448783875,0.5934469699859619,0.6636621356010437
48,0.4631478786468506,0.4689674377441406,0.6636621356010437
49,0.44863253831863403,0.6253694295883179,0.6636621356010437
50,0.4297877550125122,0.5785817503929138,0.6636621356010437
51,0.4046737452348073,0.6229440569877625,0.6636621356010437
52,0.38709497451782227,0.6477180123329163,0.6636621356010437
53,0.3698858916759491,0.6975581645965576,0.6975581645965576
54,0.3506038685639699,0.5535526275634766,0.6975581645965576
55,0.3346547782421112,0.47160065174102783,0.6975581645965576
56,0.3154305120309194,0.744042158126831,0.744042158126831
57,0.30065450072288513,0.6596779823303223,0.744042158126831
58,0.29347845911979675,0.5846294164657593,0.744042158126831
59,0.2861241002877553,0.6325228810310364,0.744042158126831
60,0.27219826976458233,0.6329180598258972,0.744042158126831
61,0.25516770283381146,0.6302520632743835,0.744042158126831
62,0.24694675207138062,0.7166833877563477,0.744042158126831
63,0.2319731811682383,0.6481382846832275,0.744042158126831
64,0.2296184798081716,0.6888657808303833,0.744042158126831
65,0.21542867521444956,0.6847696304321289,0.744042158126831
66,0.20433648427327475,0.6404749155044556,0.744042158126831
67,0.19183731575806937,0.6319373846054077,0.744042158126831
68,0.19057380159695944,0.6715714931488037,0.744042158126831
69,0.1858064184586207,0.666754424571991,0.744042158126831
70,0.17659338315327963,0.737906813621521,0.744042158126831
71,0.1689461668332418,0.7034589648246765,0.744042158126831
72,0.1649510512749354,0.716485321521759,0.744042158126831
73,0.1560778816541036,0.7360196113586426,0.744042158126831
74,0.1470178614060084,0.7254997491836548,0.744042158126831
75,0.15155537923177084,0.7455168962478638,0.7455168962478638
76,0.14003466069698334,0.6447587013244629,0.7455168962478638
77,0.13258579870065054,0.6425982713699341,0.7455168962478638
78,0.13443737228711447,0.6849819421768188,0.7455168962478638
79,0.12843105445305505,0.763381838798523,0.763381838798523
80,0.12684514621893564,0.6540004014968872,0.763381838798523
81,0.1188851570089658,0.6375617384910583,0.763381838798523
82,0.11348177244265874,0.6928460001945496,0.763381838798523
83,0.11574895431598027,0.7549129128456116,0.763381838798523
84,0.11001231521368027,0.5689371824264526,0.763381838798523
85,0.10778665294249852,0.6437317132949829,0.763381838798523
86,0.1010505681236585,0.7287537455558777,0.763381838798523
87,0.0992568035920461,0.7066486477851868,0.763381838798523
88,0.09753577411174774,0.6548557877540588,0.763381838798523
89,0.0976308137178421,0.6735595464706421,0.763381838798523
90,0.09334005415439606,0.7453790307044983,0.763381838798523
91,0.0927141805489858,0.7046242356300354,0.763381838798523
92,0.08831553906202316,0.706328272819519,0.763381838798523
93,0.0860893502831459,0.7128607630729675,0.763381838798523
94,0.08619386702775955,0.7841541767120361,0.7841541767120361
95,0.08380216111739476,0.6192541718482971,0.7841541767120361
96,0.07986891269683838,0.7146015763282776,0.7841541767120361
97,0.07703134914239247,0.7673425674438477,0.7841541767120361
98,0.07805664837360382,0.762508749961853,0.7841541767120361
99,0.07087597499291103,0.6620768904685974,0.7841541767120361
100,0.07362070928017299,0.6808013319969177,0.7841541767120361
