1,3.1221130151374665,0.0,0
2,1.8094591439939012,0.0,0
3,1.6113174242131851,0.0,0
4,1.4791172766218,0.0,0
5,1.3619427330353682,0.0,0
6,1.2804656729978674,0.0,0
7,1.2038181809818043,0.0,0
8,1.140579055337345,0.0,0
9,1.0868147389561522,0.0,0
10,1.0417047329977447,0.0,0
11,1.0022600924267488,0.0,0
12,0.9710137353223913,0.0,0
13,0.9419679513164595,0.0,0
14,0.9141161640485128,0.0,0
15,0.8909119426035413,0.0,0
16,0.8725389697972465,0.0,0
17,0.8541852890276441,0.0,0
18,0.8380702371690788,0.0,0
19,0.8216999944518594,0.0,0
20,0.8089662825360018,0.0,0
21,0.7962459699780333,0.0,0
22,0.7852018720963422,0.0,0
23,0.7741171659207812,0.0,0
24,0.7640166282653809,0.0,0
25,0.7580517740810618,0.0,0
26,0.7494614954088249,0.0,0
27,0.7433504707673017,0.0,0
28,0.7362064614015467,0.0,0
29,0.7312323778283363,0.0,0
30,0.7257918364861432,0.03934270143508911,0.03934270143508911
31,0.7216671751994713,0.0,0.03934270143508911
32,0.7191618610830868,0.02259005419909954,0.03934270143508911
33,0.714596991445504,0.0,0.03934270143508911
34,0.7103507904445424,0.0,0.03934270143508911
35,0.70879806841121,0.0,0.03934270143508911
36,0.7062926549537509,0.0,0.03934270143508911
37,0.7017067916253034,0.0,0.03934270143508911
38,0.6997629859868217,0.0,0.03934270143508911
39,0.6976765218903037,0.0,0.03934270143508911
40,0.6951569739510032,0.0,0.03934270143508911
41,0.6917452321333044,0.0,0.03934270143508911
42,0.6909970138587204,0.0,0.03934270143508911
43,0.6888188813246933,0.0,0.03934270143508911
44,0.6875332582230661,0.0,0.03934270143508911
45,0.6867956051639482,0.0,0.03934270143508911
46,0.685375801488465,0.0,0.03934270143508911
47,0.6840419383609996,0.02335689403116703,0.03934270143508911
48,0.6831310286241419,0.0,0.03934270143508911
49,0.6825682813046026,0.0,0.03934270143508911
50,0.6807991651927724,0.0,0.03934270143508911
51,0.6796361652075076,0.035100046545267105,0.03934270143508911
52,0.6789321022875169,0.0,0.03934270143508911
53,0.6796057820320129,0.0,0.03934270143508911
54,0.6773309427149156,0.0,0.03934270143508911
55,0.6765739181462456,0.0,0.03934270143508911
56,0.6754949794096106,0.0,0.03934270143508911
57,0.6755825292830374,0.0,0.03934270143508911
58,0.6737176986301646,0.0,0.03934270143508911
59,0.6736457955603506,0.0,0.03934270143508911
60,0.6728612874068466,0.0,0.03934270143508911
61,0.6726279352225509,0.0,0.03934270143508911
62,0.6738446752230326,0.0,0.03934270143508911
63,0.6734605174438626,0.0,0.03934270143508911
64,0.6714199021750805,0.04391802102327347,0.04391802102327347
65,0.67203677518695,0.0,0.04391802102327347
66,0.670803056043737,0.0,0.04391802102327347
67,0.6709416204807805,0.029369749128818512,0.04391802102327347
68,0.6702030453027463,0.0,0.04391802102327347
69,0.6710331673715629,0.0,0.04391802102327347
70,0.6694643497467041,0.025991076603531837,0.04391802102327347
71,0.6698222335647134,0.0,0.04391802102327347
72,0.6697556797195884,0.0,0.04391802102327347
73,0.6688245453086554,0.0,0.04391802102327347
74,0.6679540066158071,0.0,0.04391802102327347
75,0.6673888143371133,0.0,0.04391802102327347
76,0.6674543829525218,0.0,0.04391802102327347
77,0.6677407318470525,0.0,0.04391802102327347
78,0.6662297061845368,0.0,0.04391802102327347
79,0.6674186084784713,0.03123939223587513,0.04391802102327347
80,0.6650015735158733,0.0,0.04391802102327347
81,0.6684720013655868,0.050512898713350296,0.050512898713350296
82,0.6666463508325464,0.0,0.050512898713350296
83,0.6675588067840127,0.0,0.050512898713350296
84,0.6666854281051486,0.0,0.050512898713350296
85,0.6667305184345619,0.0,0.050512898713350296
86,0.6650361009672576,0.0,0.050512898713350296
87,0.6649634452427134,0.0,0.050512898713350296
88,0.6650965611139933,0.0,0.050512898713350296
89,0.6643225761020884,0.057005442678928375,0.057005442678928375
90,0.6652036613109065,0.0,0.057005442678928375
91,0.6630441102327085,0.0,0.057005442678928375
92,0.6658209901230008,0.02231617458164692,0.057005442678928375
93,0.6659794695237103,0.0,0.057005442678928375
94,0.6638621419083839,0.0,0.057005442678928375
95,0.6639779560706195,0.0,0.057005442678928375
96,0.6640637341667625,0.0,0.057005442678928375
97,0.6640601777562908,0.046713799238204956,0.057005442678928375
98,0.6639303378030366,0.0,0.057005442678928375
99,0.6642390080526763,0.0,0.057005442678928375
100,0.664845910726809,0.0,0.057005442678928375
