1,2.883082617104538,0.0,0
2,2.0490186447050514,0.0,0
3,1.722469450012455,0.08326239138841629,0.08326239138841629
4,1.4955189853179744,0.0,0.08326239138841629
5,1.3114957889405692,0.20083637535572052,0.20083637535572052
6,1.1605243983307505,0.16144107282161713,0.20083637535572052
7,1.0299474638167436,0.25884753465652466,0.25884753465652466
8,0.9149768417928277,0.24620026350021362,0.25884753465652466
9,0.813098465766364,0.2883608341217041,0.2883608341217041
10,0.7243231040675465,0.18056222796440125,0.2883608341217041
11,0.6463751905575031,0.2490057498216629,0.2883608341217041
12,0.5742592061680507,0.28283169865608215,0.2883608341217041
13,0.5120247132409879,0.30993860960006714,0.30993860960006714
14,0.4555404225016028,0.3393853008747101,0.3393853008747101
15,0.40778055968807964,0.5133518576622009,0.5133518576622009
16,0.3648682281496079,0.4123571813106537,0.5133518576622009
17,0.32758398069356515,0.4381157457828522,0.5133518576622009
18,0.2946123848479938,0.5025602579116821,0.5133518576622009
19,0.26452058317457755,0.47742682695388794,0.5133518576622009
20,0.23860760039188028,0.32257136702537537,0.5133518576622009
21,0.2148812203024461,0.5620108842849731,0.5620108842849731
22,0.19534704504095443,0.40726718306541443,0.5620108842849731
23,0.18238241470805028,0.6372475624084473,0.6372475624084473
24,0.16562370029164525,0.44642969965934753,0.6372475624084473
25,0.1532365050984592,0.5827083587646484,0.6372475624084473
26,0.142104160737216,0.44248685240745544,0.6372475624084473
27,0.13160262050909724,0.6277236342430115,0.6372475624084473
28,0.12362805972012078,0.5679737329483032,0.6372475624084473
29,0.11431766704209452,0.562984824180603,0.6372475624084473
30,0.1066188892819048,0.5156306028366089,0.6372475624084473
31,0.10040997825865823,0.7319547533988953,0.7319547533988953
32,0.09569087600320335,0.5870058536529541,0.7319547533988953
33,0.08932623523098182,0.6632828712463379,0.7319547533988953
34,0.08556473974471654,0.4511500597000122,0.7319547533988953
35,0.08166874719526225,0.6181520819664001,0.7319547533988953
36,0.07830645134899675,0.5093799829483032,0.7319547533988953
37,0.07483194035485508,0.6185994148254395,0.7319547533988953
38,0.07206975623238378,0.6245859265327454,0.7319547533988953
39,0.06761768869147068,0.6690231561660767,0.7319547533988953
40,0.06625473193400275,0.6532625555992126,0.7319547533988953
41,0.06382577683080018,0.5359768867492676,0.7319547533988953
42,0.059559010226673224,0.6018452644348145,0.7319547533988953
43,0.05727268395021679,0.6541703939437866,0.7319547533988953
44,0.056827049990131606,0.5382614731788635,0.7319547533988953
45,0.05423371250763899,0.7327951192855835,0.7327951192855835
46,0.05397396458964038,0.5234408378601074,0.7327951192855835
47,0.05232919542103764,0.7005444765090942,0.7327951192855835
48,0.05059534313566074,0.6700531244277954,0.7327951192855835
49,0.04886670091863328,0.5159165263175964,0.7327951192855835
50,0.04746491590711644,0.5159348249435425,0.7327951192855835
51,0.0468068184649072,0.5937095880508423,0.7327951192855835
52,0.04551592693338549,0.5887170433998108,0.7327951192855835
53,0.04509340575328324,0.6302380561828613,0.7327951192855835
54,0.044263735432480654,0.6051394939422607,0.7327951192855835
55,0.0428608069347778,0.6495190262794495,0.7327951192855835
56,0.04179961991503956,0.5624716281890869,0.7327951192855835
57,0.041930202243289326,0.772845447063446,0.772845447063446
58,0.04181921178459879,0.6104301810264587,0.772845447063446
59,0.041392750784421596,0.7329395413398743,0.772845447063446
60,0.03933816716620108,0.5692510008811951,0.772845447063446
61,0.038330921475449954,0.6193643808364868,0.772845447063446
62,0.03985005708002463,0.6525538563728333,0.772845447063446
63,0.037766948259034296,0.6752362251281738,0.772845447063446
64,0.03803334279152436,0.5662213563919067,0.772845447063446
65,0.037955293765034134,0.7150961756706238,0.772845447063446
66,0.03764821449673273,0.6753804087638855,0.772845447063446
67,0.036662844971306924,0.7540498971939087,0.772845447063446
68,0.035746614986318884,0.6023613810539246,0.772845447063446
69,0.03477779190563332,0.5703931450843811,0.772845447063446
70,0.035153544962224434,0.7666841745376587,0.772845447063446
71,0.03571698889969205,0.6455703973770142,0.772845447063446
72,0.03474928320923108,0.7545600533485413,0.772845447063446
73,0.03383379320545894,0.7287498116493225,0.772845447063446
74,0.03347655322130134,0.7090263962745667,0.772845447063446
75,0.0336386743720954,0.7310587167739868,0.772845447063446
76,0.03318580565974116,0.6577256917953491,0.772845447063446
77,0.03259869413147491,0.6193058490753174,0.772845447063446
78,0.032317696067285004,0.6499075889587402,0.772845447063446
79,0.03127350144057981,0.6354250311851501,0.772845447063446
80,0.030651549907113478,0.6677677631378174,0.772845447063446
81,0.030974943474752874,0.6295822858810425,0.772845447063446
82,0.032115536991779395,0.5601645708084106,0.772845447063446
83,0.033724594793123445,0.6223680973052979,0.772845447063446
84,0.03243286225838753,0.5698373913764954,0.772845447063446
85,0.030015074928116992,0.5758877396583557,0.772845447063446
86,0.029726795019294188,0.6185994148254395,0.772845447063446
87,0.030332405716407954,0.5686090588569641,0.772845447063446
88,0.03069636375999184,0.7129000425338745,0.772845447063446
89,0.030618374461186974,0.6725965142250061,0.772845447063446
90,0.030826242508109267,0.7686592936515808,0.772845447063446
91,0.03018231617052078,0.6142920255661011,0.772845447063446
92,0.02988283303225549,0.7073303461074829,0.772845447063446
93,0.029678165198992787,0.5907245874404907,0.772845447063446
94,0.02947139401912568,0.6333519816398621,0.772845447063446
95,0.02970600239099647,0.7013887763023376,0.772845447063446
96,0.02853828329570228,0.6996600031852722,0.772845447063446
97,0.029029707409199176,0.6172070503234863,0.772845447063446
98,0.028845136017894478,0.6267061233520508,0.772845447063446
99,0.02861174304659168,0.6737551093101501,0.772845447063446
100,0.029308475027754296,0.5707154870033264,0.772845447063446
