1,2.680600033008888,0.02354786917567253,0.02354786917567253
2,1.8136040457430591,0.12608997523784637,0.12608997523784637
3,1.5441756628830432,0.08193296194076538,0.12608997523784637
4,1.3812660183859908,0.2412962093949318,0.2412962093949318
5,1.2600176421320468,0.26813099905848503,0.26813099905848503
6,1.162138742206671,0.28519604355096817,0.28519604355096817
7,1.080089952661421,0.24728400819003582,0.28519604355096817
8,1.0130742508682853,0.28966115042567253,0.28966115042567253
9,0.9505621922225947,0.3759755641222,0.3759755641222
10,0.9002588760258169,0.2885875888168812,0.3759755641222
11,0.8561032111717173,0.33136842027306557,0.3759755641222
12,0.8157723133662338,0.38273391872644424,0.38273391872644424
13,0.7821928486512113,0.32537685334682465,0.38273391872644424
14,0.748408416753023,0.40264590829610825,0.40264590829610825
15,0.7208210164558606,0.32221077010035515,0.40264590829610825
16,0.6962031545437326,0.3873208910226822,0.40264590829610825
17,0.6743768949871791,0.3919174000620842,0.40264590829610825
18,0.6509173776318385,0.25850720703601837,0.40264590829610825
19,0.6345941631733194,0.4128229431807995,0.4128229431807995
20,0.612606548005794,0.38488889299333096,0.4128229431807995
21,0.5957270578426295,0.38060280308127403,0.4128229431807995
22,0.5778454673529761,0.3938185125589371,0.4128229431807995
23,0.5643109101456637,0.37670356035232544,0.4128229431807995
24,0.5488873043167674,0.5178473815321922,0.5178473815321922
25,0.534123123286895,0.48924928717315197,0.5178473815321922
26,0.5223785269602813,0.4797927066683769,0.5178473815321922
27,0.5094244415875422,0.46636200696229935,0.5178473815321922
28,0.4987020536283408,0.47947681695222855,0.5178473815321922
29,0.48685443326782407,0.45888253301382065,0.5178473815321922
30,0.47540204360359123,0.424835029989481,0.5178473815321922
31,0.4644259937739149,0.4878047779202461,0.5178473815321922
32,0.4552303154665636,0.4692913070321083,0.5178473815321922
33,0.44638823113626114,0.4157494567334652,0.5178473815321922
34,0.43796148609175284,0.4309178926050663,0.5178473815321922
35,0.42853619374060337,0.4672720953822136,0.5178473815321922
36,0.4204858299840807,0.5311282202601433,0.5311282202601433
37,0.41357807340157837,0.4479842744767666,0.5311282202601433
38,0.40401183951279096,0.5229508727788925,0.5311282202601433
39,0.39772145940304715,0.43121491372585297,0.5311282202601433
40,0.39383987637911655,0.40224019438028336,0.5311282202601433
41,0.3830330933619732,0.558945782482624,0.558945782482624
42,0.3781768314893412,0.5439321026206017,0.558945782482624
43,0.3722419890293087,0.46818559616804123,0.558945782482624
44,0.3661332169746268,0.4931333623826504,0.558945782482624
45,0.35912542222531274,0.45541055873036385,0.558945782482624
46,0.35317139215749915,0.594567708671093,0.594567708671093
47,0.3474194935074584,0.5096214115619659,0.594567708671093
48,0.34340029042786197,0.5325225591659546,0.594567708671093
49,0.3373147808808072,0.5255319774150848,0.594567708671093
50,0.33067019900908456,0.5144094824790955,0.594567708671093
51,0.32720432518851095,0.5100902648437022,0.594567708671093
52,0.3211519400860787,0.5164525657892227,0.594567708671093
53,0.3158479297363995,0.4602663554251194,0.594567708671093
54,0.3131042178487684,0.5512517541646957,0.594567708671093
55,0.30984126381971266,0.4951719269156456,0.594567708671093
56,0.30371092577348835,0.5464122965931892,0.594567708671093
57,0.29719808016022525,0.5593530759215355,0.594567708671093
58,0.2955096671790191,0.5450969561934471,0.594567708671093
59,0.28966776822979157,0.5359355062246323,0.594567708671093
60,0.2871376175828951,0.5373321324586868,0.594567708671093
61,0.284249633524797,0.5584633573889732,0.594567708671093
62,0.2810119625192674,0.5562404617667198,0.594567708671093
63,0.278066030299492,0.5593245327472687,0.594567708671093
64,0.27244590236720106,0.4395936131477356,0.594567708671093
65,0.2709868120905733,0.5185781382024288,0.594567708671093
66,0.2666782776512956,0.49229326099157333,0.594567708671093
67,0.2622497470749429,0.5807260870933533,0.594567708671093
68,0.25915158178844516,0.541009820997715,0.594567708671093
69,0.255216849784002,0.5439685061573982,0.594567708671093
70,0.2513309532613798,0.567209430038929,0.594567708671093
71,0.24932113624763655,0.5928275361657143,0.594567708671093
72,0.2485163250718425,0.5522540435194969,0.594567708671093
73,0.24370680724706997,0.5555210933089256,0.594567708671093
74,0.24085628038865628,0.5987830311059952,0.5987830311059952
75,0.23927107069078213,0.38086625933647156,0.5987830311059952
76,0.2367033878666217,0.6224338114261627,0.6224338114261627
77,0.2329294826532601,0.50882663205266,0.6224338114261627
78,0.2310501023034292,0.5025661364197731,0.6224338114261627
79,0.22623896046793687,0.6187650561332703,0.6224338114261627
80,0.224924159107017,0.5227389074862003,0.6224338114261627
81,0.22234888511675113,0.5452384501695633,0.6224338114261627
82,0.2189849822390848,0.569638080894947,0.6224338114261627
83,0.21751750724392005,0.5034355372190475,0.6224338114261627
84,0.21496311475945443,0.5423744097352028,0.6224338114261627
85,0.21212914263128216,0.5155451819300652,0.6224338114261627
86,0.21003290349233758,0.4955998659133911,0.6224338114261627
87,0.2084703845490169,0.539133682847023,0.6224338114261627
88,0.2070118128893542,0.5772207677364349,0.6224338114261627
89,0.20280098154367965,0.5589994788169861,0.6224338114261627
90,0.20378765390048925,0.5318924114108086,0.6224338114261627
91,0.19883359471610876,0.5211600214242935,0.6224338114261627
92,0.19774209307207896,0.6155991554260254,0.6224338114261627
93,0.19381126917266067,0.6132308840751648,0.6224338114261627
94,0.19288871060596288,0.5714677274227142,0.6224338114261627
95,0.19145332605773435,0.5384774133563042,0.6224338114261627
96,0.18761819077954356,0.5302233174443245,0.6224338114261627
97,0.1855979471898811,0.5082510188221931,0.6224338114261627
98,0.18673563130794743,0.5616132169961929,0.6224338114261627
99,0.18330704605121217,0.6079849526286125,0.6224338114261627
100,0.18114003779596682,0.5760274156928062,0.6224338114261627