1,2.9166089220411457,0.0,0
2,2.0855803565614544,0.0,0
3,1.7959512684755266,0.0,0
4,1.5619190528893927,0.0,0
5,1.392165863589876,0.09583106637001038,0.09583106637001038
6,1.253475448887819,0.1699405014514923,0.1699405014514923
7,1.1388049205397344,0.17013134062290192,0.17013134062290192
8,1.030181634577976,0.15184900164604187,0.17013134062290192
9,0.932447991933033,0.22211024165153503,0.22211024165153503
10,0.8418634902140137,0.29616039991378784,0.29616039991378784
11,0.7694569640098863,0.17187485098838806,0.29616039991378784
12,0.6949948076229946,0.22417926788330078,0.29616039991378784
13,0.6287657250264648,0.1989765614271164,0.29616039991378784
14,0.5700688388696902,0.38590434193611145,0.38590434193611145
15,0.5152747917706799,0.30904340744018555,0.38590434193611145
16,0.46599459135608307,0.3193220794200897,0.38590434193611145
17,0.4216686306865352,0.3242276608943939,0.38590434193611145
18,0.3805113818235458,0.3446984589099884,0.38590434193611145
19,0.34416910920553145,0.47798943519592285,0.47798943519592285
20,0.31422880813953985,0.39751848578453064,0.47798943519592285
21,0.28060017184467073,0.3812497854232788,0.47798943519592285
22,0.25373090518887637,0.5594793558120728,0.5594793558120728
23,0.22945486018612127,0.47666141390800476,0.5594793558120728
24,0.20838834715496962,0.6316573619842529,0.6316573619842529
25,0.1875544543478899,0.48649704456329346,0.6316573619842529
26,0.1716550910833535,0.5604722499847412,0.6316573619842529
27,0.15593065767531183,0.6265998482704163,0.6316573619842529
28,0.14258269320248038,0.5143010020256042,0.6316573619842529
29,0.129322519917397,0.5311710834503174,0.6316573619842529
30,0.11878416388277795,0.6295958757400513,0.6316573619842529
31,0.10842280934570701,0.5766734480857849,0.6316573619842529
32,0.10105907580085621,0.477995902299881,0.6316573619842529
33,0.09403220867844904,0.6489217281341553,0.6489217281341553
34,0.08732682269564859,0.6145550608634949,0.6489217281341553
35,0.0820367940861708,0.6647205352783203,0.6647205352783203
36,0.07568426057696342,0.4701436460018158,0.6647205352783203
37,0.07280603122369499,0.5095490217208862,0.6647205352783203
38,0.0690166569392013,0.62892746925354,0.6647205352783203
39,0.064506168625537,0.5664325952529907,0.6647205352783203
40,0.06333725693024647,0.5780194997787476,0.6647205352783203
41,0.06045444269373918,0.7256225943565369,0.7256225943565369
42,0.05652676560696523,0.4903078079223633,0.7256225943565369
43,0.055919761846589436,0.5733899474143982,0.7256225943565369
44,0.05351945155175628,0.5430901050567627,0.7256225943565369
45,0.05193192571116861,0.6611177921295166,0.7256225943565369
46,0.04947820889532186,0.5005174875259399,0.7256225943565369
47,0.04822419448548062,0.6470890641212463,0.7256225943565369
48,0.04549738423080201,0.6698862314224243,0.7256225943565369
49,0.04590425432724937,0.675286054611206,0.7256225943565369
50,0.04430462573032091,0.5727412700653076,0.7256225943565369
51,0.04377098711338013,0.6450748443603516,0.7256225943565369
52,0.043047250942534705,0.71440190076828,0.7256225943565369
53,0.042785383630425305,0.678518533706665,0.7256225943565369
54,0.040646177461477605,0.5951240658760071,0.7256225943565369
55,0.03939341025272752,0.5918434262275696,0.7256225943565369
56,0.04175107019722082,0.6603121161460876,0.7256225943565369
57,0.03938506131956152,0.655214250087738,0.7256225943565369
58,0.03827620454274925,0.508183479309082,0.7256225943565369
59,0.03738705269921168,0.7070649266242981,0.7256225943565369
60,0.03687407493970956,0.6285583972930908,0.7256225943565369
61,0.03683908426671461,0.5597890019416809,0.7256225943565369
62,0.03593360358006825,0.6374797821044922,0.7256225943565369
63,0.03530199171465104,0.5611931681632996,0.7256225943565369
64,0.03572531228374903,0.6804531216621399,0.7256225943565369
65,0.03332105510909656,0.677981972694397,0.7256225943565369
66,0.033830278209013166,0.6175366044044495,0.7256225943565369
67,0.03512073949477665,0.6834812164306641,0.7256225943565369
68,0.033811312744239715,0.5606123805046082,0.7256225943565369
69,0.035192725242702824,0.5846922397613525,0.7256225943565369
70,0.03508500965418899,0.7383829355239868,0.7383829355239868
71,0.03378787126012479,0.564235508441925,0.7383829355239868
72,0.031687447148713334,0.6906343102455139,0.7383829355239868
73,0.03136655457531381,0.7508060932159424,0.7508060932159424
74,0.032403315275100764,0.6849783658981323,0.7508060932159424
75,0.030781591925058204,0.5417541861534119,0.7508060932159424
76,0.030508495825728413,0.6822761297225952,0.7508060932159424
77,0.03067598941255432,0.649747908115387,0.7508060932159424
78,0.030013643940732738,0.6406780481338501,0.7508060932159424
79,0.0310468551329082,0.6466802358627319,0.7508060932159424
80,0.029933545219409427,0.5875412821769714,0.7508060932159424
81,0.03050105800484396,0.7063581347465515,0.7508060932159424
82,0.031273438823617,0.4910846948623657,0.7508060932159424
83,0.030629336495830373,0.5459114909172058,0.7508060932159424
84,0.030690479080435956,0.6165409684181213,0.7508060932159424
85,0.029212484604851076,0.7069576382637024,0.7508060932159424
86,0.029552124013566668,0.5225797295570374,0.7508060932159424
87,0.02952651347917546,0.5539693236351013,0.7508060932159424
88,0.02965911956515851,0.6260570883750916,0.7508060932159424
89,0.0290851521893007,0.54344242811203,0.7508060932159424
90,0.02889950624162889,0.6931463479995728,0.7508060932159424
91,0.028095937998384047,0.6107932925224304,0.7508060932159424
92,0.028207040709223908,0.5995587110519409,0.7508060932159424
93,0.02725525031008633,0.6074233651161194,0.7508060932159424
94,0.02726782586389951,0.5919908285140991,0.7508060932159424
95,0.026798677538776662,0.6075760722160339,0.7508060932159424
96,0.02674511222429811,0.6784952878952026,0.7508060932159424
97,0.027923335840296784,0.4919648766517639,0.7508060932159424
98,0.02829893757322222,0.6140255928039551,0.7508060932159424
99,0.027872222994756737,0.5580506324768066,0.7508060932159424
100,0.028353165627522454,0.6576892137527466,0.7508060932159424
