1,5.118265628814697,0.0,0
2,4.784848213195801,0.0,0
3,4.563639163970947,0.0,0
4,4.347436428070068,0.0,0
5,4.1380534172058105,0.0,0
6,3.9035298824310303,0.0,0
7,3.71282958984375,0.0,0
8,3.5155200958251953,0.0,0
9,3.3227999210357666,0.0,0
10,3.173764228820801,0.0,0
11,3.0629053115844727,0.0,0
12,2.933367967605591,0.0,0
13,2.7889695167541504,0.0,0
14,2.65846586227417,0.049209002405405045,0.049209002405405045
15,2.563619613647461,0.0,0.049209002405405045
16,2.4341237545013428,0.03176218271255493,0.049209002405405045
17,2.3249826431274414,0.03141116723418236,0.049209002405405045
18,2.222801446914673,0.032804593443870544,0.049209002405405045
19,2.1434154510498047,0.0,0.049209002405405045
20,2.100776433944702,0.0,0.049209002405405045
21,1.989789605140686,0.0,0.049209002405405045
22,1.894053339958191,0.027482112869620323,0.049209002405405045
23,1.807511329650879,0.0,0.049209002405405045
24,1.7396398782730103,0.06585381925106049,0.06585381925106049
25,1.6856199502944946,0.059326812624931335,0.06585381925106049
26,1.5774109363555908,0.0,0.06585381925106049
27,1.5183279514312744,0.0,0.06585381925106049
28,1.48073148727417,0.0638224333524704,0.06585381925106049
29,1.4062520265579224,0.1091923862695694,0.1091923862695694
30,1.3306690454483032,0.0,0.1091923862695694
31,1.2846879959106445,0.0,0.1091923862695694
32,1.2312015295028687,0.057348985224962234,0.1091923862695694
33,1.2180501222610474,0.09792755544185638,0.1091923862695694
34,1.1186617612838745,0.044273849576711655,0.1091923862695694
35,1.0995991230010986,0.0,0.1091923862695694
36,1.0065058469772339,0.15352007746696472,0.15352007746696472
37,0.9834735989570618,0.05716949328780174,0.15352007746696472
38,0.941352903842926,0.054149266332387924,0.15352007746696472
39,0.9076273441314697,0.14440032839775085,0.15352007746696472
40,0.8572899699211121,0.10909802466630936,0.15352007746696472
41,0.8307752013206482,0.08398441970348358,0.15352007746696472
42,0.8039155602455139,0.24555981159210205,0.24555981159210205
43,0.7474287152290344,0.18397706747055054,0.24555981159210205
44,0.7251630425453186,0.07000502198934555,0.24555981159210205
45,0.6763702630996704,0.1605214923620224,0.24555981159210205
46,0.6593410968780518,0.19386549293994904,0.24555981159210205
47,0.6226449608802795,0.1422562450170517,0.24555981159210205
48,0.6098216772079468,0.11319230496883392,0.24555981159210205
49,0.5813533067703247,0.0955951139330864,0.24555981159210205
50,0.5571705102920532,0.14372164011001587,0.24555981159210205
51,0.5401417016983032,0.0,0.24555981159210205
52,0.5007148385047913,0.18573957681655884,0.24555981159210205
53,0.47228333353996277,0.0,0.24555981159210205
54,0.4525635540485382,0.1367290763325411,0.24555981159210205
55,0.4411966800689697,0.2167249470949173,0.24555981159210205
56,0.4146650433540344,0.13091008365154266,0.24555981159210205
57,0.41557639837265015,0.08059273660182953,0.24555981159210205
58,0.3857337236404419,0.0,0.24555981159210205
59,0.35509803891181946,0.0941503718495369,0.24555981159210205
60,0.345821738243103,0.24364176392555237,0.24555981159210205
61,0.3426094055175781,0.1374141424894333,0.24555981159210205
62,0.3328893780708313,0.11751488596200943,0.24555981159210205
63,0.3179476857185364,0.2469371110200882,0.2469371110200882
64,0.2934492826461792,0.20407544076442719,0.2469371110200882
65,0.2802160978317261,0.12967194616794586,0.2469371110200882
66,0.27760452032089233,0.126358300447464,0.2469371110200882
67,0.2623497545719147,0.0,0.2469371110200882
68,0.25182244181632996,0.0,0.2469371110200882
69,0.25132161378860474,0.14305725693702698,0.2469371110200882
70,0.2301068753004074,0.21910682320594788,0.2469371110200882
71,0.2244728058576584,0.20689928531646729,0.2469371110200882
72,0.21853522956371307,0.0,0.2469371110200882
73,0.21636685729026794,0.12010326236486435,0.2469371110200882
74,0.20039914548397064,0.18285664916038513,0.2469371110200882
75,0.2002250701189041,0.14435821771621704,0.2469371110200882
76,0.19188623130321503,0.18684227764606476,0.2469371110200882
77,0.18027614057064056,0.25525084137916565,0.25525084137916565
78,0.17503845691680908,0.12120014429092407,0.25525084137916565
79,0.1684960573911667,0.10947252810001373,0.25525084137916565
80,0.16107110679149628,0.17915643751621246,0.25525084137916565
81,0.1528671383857727,0.11481134593486786,0.25525084137916565
82,0.15840250253677368,0.1274215281009674,0.25525084137916565
83,0.14899572730064392,0.14789411425590515,0.25525084137916565
84,0.15056559443473816,0.0,0.25525084137916565
85,0.1438044011592865,0.12228430807590485,0.25525084137916565
86,0.1379859894514084,0.10553184151649475,0.25525084137916565
87,0.1318582445383072,0.22291885316371918,0.25525084137916565
88,0.1255432516336441,0.11767483502626419,0.25525084137916565
89,0.12701533734798431,0.13070325553417206,0.25525084137916565
90,0.12155666202306747,0.14015813171863556,0.25525084137916565
91,0.11962724477052689,0.20505371689796448,0.25525084137916565
92,0.11529336869716644,0.144287571310997,0.25525084137916565
93,0.1225312203168869,0.10468243062496185,0.25525084137916565
94,0.11153396964073181,0.08268138021230698,0.25525084137916565
95,0.11571687459945679,0.1335298717021942,0.25525084137916565
96,0.10365507006645203,0.08931887894868851,0.25525084137916565
97,0.10891607403755188,0.14183387160301208,0.25525084137916565
98,0.10341992229223251,0.0,0.25525084137916565
99,0.09772136062383652,0.15082649886608124,0.25525084137916565
100,0.09768284857273102,0.17311979830265045,0.25525084137916565
