1,5.357725143432617,0.0,0
2,5.112865924835205,0.0,0
3,4.805235385894775,0.0,0
4,4.525580883026123,0.0,0
5,4.317807674407959,0.0,0
6,4.129068851470947,0.0,0
7,3.872708797454834,0.0,0
8,3.7223289012908936,0.0,0
9,3.4869260787963867,0.0,0
10,3.3599131107330322,0.0,0
11,3.180332660675049,0.0,0
12,3.0616979598999023,0.0,0
13,2.9124879837036133,0.0,0
14,2.7918100357055664,0.0,0
15,2.6683759689331055,0.0,0
16,2.578059196472168,0.0,0
17,2.4406354427337646,0.0,0
18,2.352963924407959,0.0,0
19,2.262643575668335,0.0,0
20,2.160353183746338,0.06608846038579941,0.06608846038579941
21,2.0515685081481934,0.0427926629781723,0.06608846038579941
22,1.9840739965438843,0.054935574531555176,0.06608846038579941
23,1.8938626050949097,0.0,0.06608846038579941
24,1.8094290494918823,0.0781160220503807,0.0781160220503807
25,1.726430058479309,0.08630380779504776,0.08630380779504776
26,1.6791770458221436,0.03688906878232956,0.08630380779504776
27,1.6077046394348145,0.04994935914874077,0.08630380779504776
28,1.5273014307022095,0.10492587834596634,0.10492587834596634
29,1.4789005517959595,0.0707806944847107,0.10492587834596634
30,1.4303938150405884,0.05385993793606758,0.10492587834596634
31,1.348840594291687,0.0,0.10492587834596634
32,1.2993621826171875,0.08478634059429169,0.10492587834596634
33,1.2513047456741333,0.10748293250799179,0.10748293250799179
34,1.185766577720642,0.1770576536655426,0.1770576536655426
35,1.1308166980743408,0.1433793157339096,0.1770576536655426
36,1.090113639831543,0.19542282819747925,0.19542282819747925
37,1.0682249069213867,0.12044814974069595,0.19542282819747925
38,1.0057358741760254,0.10126989334821701,0.19542282819747925
39,0.9699981212615967,0.07645120471715927,0.19542282819747925
40,0.9233578443527222,0.07790689170360565,0.19542282819747925
41,0.9037301540374756,0.1070200502872467,0.19542282819747925
42,0.847821831703186,0.1520480066537857,0.19542282819747925
43,0.836373507976532,0.06190284714102745,0.19542282819747925
44,0.8040960431098938,0.16900111734867096,0.19542282819747925
45,0.7717718482017517,0.24277739226818085,0.24277739226818085
46,0.7066187858581543,0.19999998807907104,0.24277739226818085
47,0.7198527455329895,0.08732006698846817,0.24277739226818085
48,0.6587280035018921,0.09652023017406464,0.24277739226818085
49,0.6485564708709717,0.20017896592617035,0.24277739226818085
50,0.6235495805740356,0.0,0.24277739226818085
51,0.6085817217826843,0.062331099063158035,0.24277739226818085
52,0.5767900347709656,0.10591457039117813,0.24277739226818085
53,0.5403726100921631,0.15623413026332855,0.24277739226818085
54,0.5316258072853088,0.1782948523759842,0.24277739226818085
55,0.5116170048713684,0.05818530544638634,0.24277739226818085
56,0.4779735207557678,0.16585016250610352,0.24277739226818085
57,0.4648655354976654,0.15797893702983856,0.24277739226818085
58,0.431098073720932,0.161322221159935,0.24277739226818085
59,0.4382420778274536,0.17077338695526123,0.24277739226818085
60,0.40747129917144775,0.10498262941837311,0.24277739226818085
61,0.3786623477935791,0.0,0.24277739226818085
62,0.36847609281539917,0.1575985848903656,0.24277739226818085
63,0.3577507436275482,0.15168344974517822,0.24277739226818085
64,0.347934752702713,0.1234825998544693,0.24277739226818085
65,0.3442097008228302,0.1676277220249176,0.24277739226818085
66,0.3295639753341675,0.12827730178833008,0.24277739226818085
67,0.3196180760860443,0.07589791715145111,0.24277739226818085
68,0.3007402718067169,0.13277624547481537,0.24277739226818085
69,0.29281508922576904,0.17911577224731445,0.24277739226818085
70,0.28523170948028564,0.12495297938585281,0.24277739226818085
71,0.26886090636253357,0.1842118352651596,0.24277739226818085
72,0.2690444886684418,0.1480352282524109,0.24277739226818085
73,0.2451113909482956,0.16019007563591003,0.24277739226818085
74,0.24377493560314178,0.1453540027141571,0.24277739226818085
75,0.22625187039375305,0.08789624273777008,0.24277739226818085
76,0.22691041231155396,0.22385632991790771,0.24277739226818085
77,0.21765166521072388,0.17906321585178375,0.24277739226818085
78,0.20606639981269836,0.25311335921287537,0.25311335921287537
79,0.20255927741527557,0.21713919937610626,0.25311335921287537
80,0.19513505697250366,0.04719342663884163,0.25311335921287537
81,0.19357317686080933,0.1526183933019638,0.25311335921287537
82,0.18115234375,0.06438622623682022,0.25311335921287537
83,0.17948225140571594,0.1986043006181717,0.25311335921287537
84,0.1700223982334137,0.0845886692404747,0.25311335921287537
85,0.1691591441631317,0.20258042216300964,0.25311335921287537
86,0.16210830211639404,0.14834736287593842,0.25311335921287537
87,0.15625730156898499,0.20041653513908386,0.25311335921287537
88,0.1539001315832138,0.0,0.25311335921287537
89,0.1474958211183548,0.13145935535430908,0.25311335921287537
90,0.14380021393299103,0.2331065535545349,0.25311335921287537
91,0.1445549577474594,0.07693931460380554,0.25311335921287537
92,0.13494142889976501,0.10092343389987946,0.25311335921287537
93,0.13741640746593475,0.09545884281396866,0.25311335921287537
94,0.12746849656105042,0.334317147731781,0.334317147731781
95,0.12603378295898438,0.1188390925526619,0.334317147731781
96,0.12193614989519119,0.08729519695043564,0.334317147731781
97,0.12126868218183517,0.12639641761779785,0.334317147731781
98,0.12023376673460007,0.1114019900560379,0.334317147731781
99,0.11438345164060593,0.12602436542510986,0.334317147731781
100,0.10918023437261581,0.0,0.334317147731781
