1,2.5265957602570133,0.10157803446054459,0.10157803446054459
2,1.738939486924679,0.15204845368862152,0.15204845368862152
3,1.4378313946147119,0.20649927854537964,0.20649927854537964
4,1.2295717985158967,0.13346804678440094,0.20649927854537964
5,1.064380984513029,0.21877557039260864,0.21877557039260864
6,0.9312544836392326,0.33496561646461487,0.33496561646461487
7,0.8257362701960148,0.2621292769908905,0.33496561646461487
8,0.7330126027546583,0.42617344856262207,0.42617344856262207
9,0.6551106725969622,0.2932867407798767,0.42617344856262207
10,0.5910009226851887,0.3466121554374695,0.42617344856262207
11,0.5358198851707482,0.3007447421550751,0.42617344856262207
12,0.4852456852433182,0.30624890327453613,0.42617344856262207
13,0.4467899578833772,0.41590720415115356,0.42617344856262207
14,0.4086249801180055,0.35092729330062866,0.42617344856262207
15,0.37627098039393464,0.4225250482559204,0.42617344856262207
16,0.34811101213938767,0.5064854025840759,0.5064854025840759
17,0.3250147067911683,0.37733981013298035,0.5064854025840759
18,0.3024739170326821,0.5371170043945312,0.5371170043945312
19,0.2823887354423923,0.3721960484981537,0.5371170043945312
20,0.26467226670994876,0.48494064807891846,0.5371170043945312
21,0.24919483179767285,0.5953292846679688,0.5953292846679688
22,0.23507019069286123,0.6280226707458496,0.6280226707458496
23,0.2228739533062664,0.5153582692146301,0.6280226707458496
24,0.21150214947579848,0.37572458386421204,0.6280226707458496
25,0.20375143243901192,0.4552823305130005,0.6280226707458496
26,0.19102971021446488,0.5306307673454285,0.6280226707458496
27,0.18447205672160752,0.44943976402282715,0.6280226707458496
28,0.17728532838725275,0.6028246879577637,0.6280226707458496
29,0.1681738634323401,0.5290377140045166,0.6280226707458496
30,0.16257373294642857,0.5654691457748413,0.6280226707458496
31,0.1580104499965185,0.4721527099609375,0.6280226707458496
32,0.1513685639196586,0.4859543442726135,0.6280226707458496
33,0.14561744935570226,0.5412125587463379,0.6280226707458496
34,0.1409060902022306,0.6326808333396912,0.6326808333396912
35,0.13708590651531855,0.4677533209323883,0.6326808333396912
36,0.13065619404698092,0.5304410457611084,0.6326808333396912
37,0.13036797650819343,0.5688017010688782,0.6326808333396912
38,0.12352991726009115,0.5051525831222534,0.6326808333396912
39,0.12109780213194749,0.6021485328674316,0.6326808333396912
40,0.1183209051903818,0.5537782907485962,0.6326808333396912
41,0.11665605241432786,0.5027076005935669,0.6326808333396912
42,0.112390604778944,0.6671443581581116,0.6671443581581116
43,0.11005736599045415,0.5379006862640381,0.6671443581581116
44,0.10812682020778377,0.5533617734909058,0.6671443581581116
45,0.10500952758405718,0.5107399225234985,0.6671443581581116
46,0.10270507485725947,0.6020952463150024,0.6671443581581116
47,0.10142679215829459,0.6150513291358948,0.6671443581581116
48,0.09941520098777067,0.4790998697280884,0.6671443581581116
49,0.09587485607593291,0.5854442119598389,0.6671443581581116
50,0.0932374952826649,0.5044042468070984,0.6671443581581116
51,0.09273261785687457,0.6217345595359802,0.6671443581581116
52,0.0901922101545478,0.6244041919708252,0.6671443581581116
53,0.0893884199340978,0.6439298987388611,0.6671443581581116
54,0.08803958071756267,0.6624160408973694,0.6671443581581116
55,0.0864448387836737,0.6373482942581177,0.6671443581581116
56,0.08442078560831086,0.638325572013855,0.6671443581581116
57,0.08357494092366148,0.640364944934845,0.6671443581581116
58,0.0821186103444967,0.6393332481384277,0.6671443581581116
59,0.08071177597758511,0.6444111466407776,0.6671443581581116
60,0.07974855414771985,0.46582216024398804,0.6671443581581116
61,0.07810642878945556,0.6012605428695679,0.6671443581581116
62,0.07763900523704867,0.5785971283912659,0.6671443581581116
