1,5.208601951599121,0.0,0
2,4.935487270355225,0.0,0
3,4.695176124572754,0.0,0
4,4.41754674911499,0.0,0
5,4.189913272857666,0.0,0
6,3.90875506401062,0.0,0
7,3.6158320903778076,0.0,0
8,3.320288896560669,0.0,0
9,3.0624446868896484,0.0,0
10,2.8170881271362305,0.0,0
11,2.641740083694458,0.0,0
12,2.4751479625701904,0.0,0
13,2.323777675628662,0.0,0
14,2.156930685043335,0.0,0
15,2.007249593734741,0.0,0
16,1.8735761642456055,0.0,0
17,1.735229253768921,0.0,0
18,1.5776530504226685,0.0,0
19,1.4579880237579346,0.0,0
20,1.3350002765655518,0.0,0
21,1.2134034633636475,0.0,0
22,1.1219111680984497,0.0,0
23,1.0316582918167114,0.0,0
24,0.9354570508003235,0.0,0
25,0.8768163919448853,0.0,0
26,0.7744277119636536,0.0,0
27,0.7283044457435608,0.03233437240123749,0.03233437240123749
28,0.657878041267395,0.0,0.03233437240123749
29,0.6008776426315308,0.0,0.03233437240123749
30,0.5495628714561462,0.0,0.03233437240123749
31,0.5124866962432861,0.0,0.03233437240123749
32,0.44465047121047974,0.0,0.03233437240123749
33,0.4099477231502533,0.0,0.03233437240123749
34,0.37264952063560486,0.0,0.03233437240123749
35,0.33500561118125916,0.0,0.03233437240123749
36,0.3027684688568115,0.0,0.03233437240123749
37,0.28188076615333557,0.0,0.03233437240123749
38,0.259603887796402,0.0,0.03233437240123749
39,0.23851914703845978,0.0,0.03233437240123749
40,0.21465253829956055,0.0,0.03233437240123749
41,0.19556856155395508,0.03622301295399666,0.03622301295399666
42,0.18016499280929565,0.02453245222568512,0.03622301295399666
43,0.17438259720802307,0.04005395621061325,0.04005395621061325
44,0.15760645270347595,0.0,0.04005395621061325
45,0.14700424671173096,0.03765198588371277,0.04005395621061325
46,0.13693812489509583,0.0,0.04005395621061325
47,0.12965717911720276,0.0,0.04005395621061325
48,0.12064480781555176,0.028590001165866852,0.04005395621061325
49,0.11436474323272705,0.0,0.04005395621061325
50,0.10373605787754059,0.05784827098250389,0.05784827098250389
51,0.09880572557449341,0.0,0.05784827098250389
52,0.09376141428947449,0.0,0.05784827098250389
53,0.08886454999446869,0.0,0.05784827098250389
54,0.08457846194505692,0.0,0.05784827098250389
55,0.07920871675014496,0.03815506398677826,0.05784827098250389
56,0.07638948410749435,0.0,0.05784827098250389
57,0.07372091710567474,0.0,0.05784827098250389
58,0.06886009871959686,0.0,0.05784827098250389
59,0.06390690803527832,0.0,0.05784827098250389
60,0.06224413588643074,0.03917877376079559,0.05784827098250389
61,0.05837279558181763,0.0,0.05784827098250389
62,0.059126488864421844,0.0,0.05784827098250389
63,0.05472172051668167,0.041470691561698914,0.05784827098250389
64,0.05173860117793083,0.0,0.05784827098250389
65,0.05140428990125656,0.0,0.05784827098250389
66,0.0508342869579792,0.0,0.05784827098250389
67,0.04878803342580795,0.038160257041454315,0.05784827098250389
68,0.045839954167604446,0.056898485869169235,0.05784827098250389
69,0.04391639679670334,0.0,0.05784827098250389
70,0.042811669409275055,0.0,0.05784827098250389
71,0.04265265911817551,0.0,0.05784827098250389
72,0.04135937616229057,0.0,0.05784827098250389
73,0.04011699557304382,0.0,0.05784827098250389
74,0.03786919265985489,0.0,0.05784827098250389
75,0.03909221291542053,0.0,0.05784827098250389
76,0.036712970584630966,0.0,0.05784827098250389
77,0.035776447504758835,0.031815070658922195,0.05784827098250389
78,0.03500287979841232,0.0611405186355114,0.0611405186355114
79,0.03410172462463379,0.0,0.0611405186355114
80,0.03227479010820389,0.0,0.0611405186355114
81,0.03236031532287598,0.0,0.0611405186355114
82,0.031963132321834564,0.0,0.0611405186355114
83,0.03195974975824356,0.0,0.0611405186355114
84,0.03077571652829647,0.0,0.0611405186355114
85,0.029588956385850906,0.0,0.0611405186355114
86,0.029173463582992554,0.0,0.0611405186355114
87,0.02952391840517521,0.0,0.0611405186355114
88,0.028224050998687744,0.0,0.0611405186355114
89,0.027241524308919907,0.04717882350087166,0.0611405186355114
90,0.02723022922873497,0.0,0.0611405186355114
91,0.026453634724020958,0.0,0.0611405186355114
92,0.02671177312731743,0.03711377829313278,0.0611405186355114
93,0.02542310394346714,0.0,0.0611405186355114
94,0.024772023782134056,0.0,0.0611405186355114
95,0.024827122688293457,0.1220659539103508,0.1220659539103508
96,0.02423570118844509,0.0,0.1220659539103508
97,0.02385396882891655,0.0,0.1220659539103508
98,0.024494580924510956,0.0,0.1220659539103508
99,0.0240388922393322,0.0,0.1220659539103508
100,0.022846922278404236,0.0,0.1220659539103508
