1,5.071839332580566,0.0,0
2,4.746031761169434,0.0,0
3,4.412390232086182,0.0,0
4,4.072467803955078,0.0,0
5,3.7599635124206543,0.0,0
6,3.4234137535095215,0.0,0
7,3.0536086559295654,0.0,0
8,2.7616000175476074,0.0,0
9,2.4736762046813965,0.0,0
10,2.2705349922180176,0.0,0
11,2.0548272132873535,0.0,0
12,1.9096267223358154,0.0,0
13,1.7361443042755127,0.0,0
14,1.5596935749053955,0.0,0
15,1.405771255493164,0.0,0
16,1.2773561477661133,0.0,0
17,1.1553349494934082,0.0,0
18,1.0574676990509033,0.0,0
19,0.9618465304374695,0.0,0
20,0.8528509140014648,0.0,0
21,0.767275869846344,0.0,0
22,0.6860741376876831,0.0,0
23,0.6319864988327026,0.053624290972948074,0.053624290972948074
24,0.5432511568069458,0.0,0.053624290972948074
25,0.5018540024757385,0.0,0.053624290972948074
26,0.4404370188713074,0.0,0.053624290972948074
27,0.3985171616077423,0.0,0.053624290972948074
28,0.357559472322464,0.0,0.053624290972948074
29,0.3182758688926697,0.0,0.053624290972948074
30,0.3009262979030609,0.06346543878316879,0.06346543878316879
31,0.26651686429977417,0.04628181457519531,0.06346543878316879
32,0.23505401611328125,0.0,0.06346543878316879
33,0.21808211505413055,0.03289729729294777,0.06346543878316879
34,0.19464382529258728,0.03673936799168587,0.06346543878316879
35,0.17983616888523102,0.0,0.06346543878316879
36,0.16691628098487854,0.0,0.06346543878316879
37,0.15517579019069672,0.0,0.06346543878316879
38,0.14725449681282043,0.0,0.06346543878316879
39,0.1340332329273224,0.04119980335235596,0.06346543878316879
40,0.12221939861774445,0.0,0.06346543878316879
41,0.1167195662856102,0.04059227183461189,0.06346543878316879
42,0.10705889761447906,0.0,0.06346543878316879
43,0.09877590835094452,0.0,0.06346543878316879
44,0.0944702997803688,0.0,0.06346543878316879
45,0.08957497775554657,0.0,0.06346543878316879
46,0.0858503133058548,0.0,0.06346543878316879
47,0.0792049840092659,0.0,0.06346543878316879
48,0.0766201764345169,0.06333057582378387,0.06346543878316879
49,0.07253571599721909,0.0542607456445694,0.06346543878316879
50,0.06773874163627625,0.0,0.06346543878316879
51,0.06454221159219742,0.0,0.06346543878316879
52,0.06379982829093933,0.0,0.06346543878316879
53,0.059976715594530106,0.0,0.06346543878316879
54,0.0576048418879509,0.054898716509342194,0.06346543878316879
55,0.055771034210920334,0.0,0.06346543878316879
56,0.053443510085344315,0.04492228105664253,0.06346543878316879
57,0.05140867084264755,0.05368994548916817,0.06346543878316879
58,0.04880477860569954,0.04913248494267464,0.06346543878316879
59,0.04806063324213028,0.047029975801706314,0.06346543878316879
60,0.046983350068330765,0.0,0.06346543878316879
61,0.04353700205683708,0.0529831238090992,0.06346543878316879
62,0.04413220286369324,0.0,0.06346543878316879
63,0.041873715817928314,0.0,0.06346543878316879
64,0.04231010004878044,0.0,0.06346543878316879
65,0.03983313590288162,0.05236324295401573,0.06346543878316879
66,0.037469010800123215,0.0,0.06346543878316879
67,0.037825845181941986,0.05872737243771553,0.06346543878316879
68,0.03632247447967529,0.04480169713497162,0.06346543878316879
69,0.035196930170059204,0.0529831238090992,0.06346543878316879
70,0.03425028920173645,0.07018310576677322,0.07018310576677322
71,0.034184034913778305,0.0,0.07018310576677322
72,0.03383651375770569,0.0,0.07018310576677322
73,0.03286051005125046,0.05354214832186699,0.07018310576677322
74,0.031860921531915665,0.0,0.07018310576677322
75,0.030692096799612045,0.0,0.07018310576677322
76,0.030480634421110153,0.0,0.07018310576677322
77,0.030637945979833603,0.0,0.07018310576677322
78,0.029524724930524826,0.0,0.07018310576677322
79,0.028388237580657005,0.0,0.07018310576677322
80,0.02779409848153591,0.0536317452788353,0.07018310576677322
81,0.0279319379478693,0.05236324295401573,0.07018310576677322
82,0.027050811797380447,0.0,0.07018310576677322
83,0.026605039834976196,0.0,0.07018310576677322
84,0.026347359642386436,0.0,0.07018310576677322
85,0.026262830942869186,0.0,0.07018310576677322
86,0.025319254025816917,0.04843539372086525,0.07018310576677322
87,0.02476133033633232,0.0,0.07018310576677322
88,0.024476690217852592,0.0,0.07018310576677322
89,0.023823490366339684,0.05383360758423805,0.07018310576677322
90,0.02378952130675316,0.0,0.07018310576677322
91,0.022910529747605324,0.0,0.07018310576677322
92,0.02274019829928875,0.0,0.07018310576677322
93,0.022660935297608376,0.04301149398088455,0.07018310576677322
94,0.02244666963815689,0.0,0.07018310576677322
95,0.02200707420706749,0.0,0.07018310576677322
96,0.021607812494039536,0.05423315614461899,0.07018310576677322
97,0.021539341658353806,0.06123197078704834,0.07018310576677322
98,0.020590336993336678,0.0541006438434124,0.07018310576677322
99,0.02126353606581688,0.05145008862018585,0.07018310576677322
100,0.020426208153367043,0.062376976013183594,0.07018310576677322
