1,5.456582546234131,0.0,0
2,5.215821743011475,0.0,0
3,4.902742385864258,0.0,0
4,4.665060043334961,0.0,0
5,4.3821868896484375,0.0,0
6,4.168755054473877,0.0,0
7,3.9964911937713623,0.0,0
8,3.7995522022247314,0.0,0
9,3.5781052112579346,0.0,0
10,3.411027193069458,0.0,0
11,3.286823034286499,0.0,0
12,3.1296844482421875,0.0,0
13,2.969454050064087,0.0,0
14,2.876788854598999,0.0,0
15,2.7336020469665527,0.0,0
16,2.632175922393799,0.0,0
17,2.5257627964019775,0.0,0
18,2.3873400688171387,0.0,0
19,2.330008029937744,0.0,0
20,2.2138915061950684,0.04409673064947128,0.04409673064947128
21,2.156576633453369,0.0,0.04409673064947128
22,2.052337169647217,0.06872665137052536,0.06872665137052536
23,1.969354271888733,0.04438163712620735,0.06872665137052536
24,1.8840610980987549,0.07783686369657516,0.07783686369657516
25,1.7798902988433838,0.04477442428469658,0.07783686369657516
26,1.6981004476547241,0.04398059472441673,0.07783686369657516
27,1.6663633584976196,0.09842551499605179,0.09842551499605179
28,1.590553641319275,0.15110746026039124,0.15110746026039124
29,1.511812686920166,0.1790037751197815,0.1790037751197815
30,1.4095596075057983,0.04313841834664345,0.1790037751197815
31,1.3970909118652344,0.04191454127430916,0.1790037751197815
32,1.342978835105896,0.04342922568321228,0.1790037751197815
33,1.288806438446045,0.08193809539079666,0.1790037751197815
34,1.2087318897247314,0.11584034562110901,0.1790037751197815
35,1.175390601158142,0.054963793605566025,0.1790037751197815
36,1.1062817573547363,0.08174174278974533,0.1790037751197815
37,1.0654619932174683,0.0,0.1790037751197815
38,1.0351015329360962,0.07644771784543991,0.1790037751197815
39,0.940305233001709,0.04577041417360306,0.1790037751197815
40,0.9615997076034546,0.0,0.1790037751197815
41,0.8648649454116821,0.09146124124526978,0.1790037751197815
42,0.8178838491439819,0.07722251117229462,0.1790037751197815
43,0.7965633869171143,0.14988014101982117,0.1790037751197815
44,0.7587209939956665,0.08398739993572235,0.1790037751197815
45,0.7221291065216064,0.05854007601737976,0.1790037751197815
46,0.6902906894683838,0.14306604862213135,0.1790037751197815
47,0.6639705896377563,0.04736952856183052,0.1790037751197815
48,0.6179615259170532,0.16479890048503876,0.1790037751197815
49,0.6177446842193604,0.06262068450450897,0.1790037751197815
50,0.5675123333930969,0.07266542315483093,0.1790037751197815
51,0.5607724785804749,0.049247827380895615,0.1790037751197815
52,0.5591824650764465,0.0,0.1790037751197815
53,0.5149397850036621,0.09836690872907639,0.1790037751197815
54,0.4681893289089203,0.2205018550157547,0.2205018550157547
55,0.47021615505218506,0.05653161182999611,0.2205018550157547
56,0.4417649805545807,0.0743570402264595,0.2205018550157547
57,0.4156864583492279,0.04217570275068283,0.2205018550157547
58,0.4071633815765381,0.20201165974140167,0.2205018550157547
59,0.3928205966949463,0.18092547357082367,0.2205018550157547
60,0.3714343011379242,0.08752251416444778,0.2205018550157547
61,0.35704490542411804,0.18145379424095154,0.2205018550157547
62,0.35138991475105286,0.08850601315498352,0.2205018550157547
63,0.31925755739212036,0.15149611234664917,0.2205018550157547
64,0.3184259235858917,0.058991868048906326,0.2205018550157547
65,0.3036583364009857,0.07513853162527084,0.2205018550157547
66,0.28913113474845886,0.11386948823928833,0.2205018550157547
67,0.27082350850105286,0.1406390517950058,0.2205018550157547
68,0.2627470791339874,0.1431625336408615,0.2205018550157547
69,0.2522704601287842,0.12053372710943222,0.2205018550157547
70,0.24311837553977966,0.0,0.2205018550157547
71,0.23285748064517975,0.08044439554214478,0.2205018550157547
72,0.2281043827533722,0.15877242386341095,0.2205018550157547
73,0.2202679067850113,0.12858539819717407,0.2205018550157547
74,0.20595544576644897,0.20418643951416016,0.2205018550157547
75,0.21532899141311646,0.18948811292648315,0.2205018550157547
76,0.1989876925945282,0.18427526950836182,0.2205018550157547
77,0.1920725405216217,0.14227820932865143,0.2205018550157547
78,0.18716450035572052,0.13136781752109528,0.2205018550157547
79,0.18629974126815796,0.1243233010172844,0.2205018550157547
80,0.1734641045331955,0.15669891238212585,0.2205018550157547
81,0.16759006679058075,0.1497802734375,0.2205018550157547
82,0.1639300286769867,0.08486665040254593,0.2205018550157547
83,0.1634155511856079,0.08131582289934158,0.2205018550157547
84,0.16134050488471985,0.1309216320514679,0.2205018550157547
85,0.15094749629497528,0.17136982083320618,0.2205018550157547
86,0.15022248029708862,0.1557743400335312,0.2205018550157547
87,0.14424872398376465,0.18426364660263062,0.2205018550157547
88,0.1406363546848297,0.08961138129234314,0.2205018550157547
89,0.1326454132795334,0.05755201727151871,0.2205018550157547
90,0.13308070600032806,0.04895671457052231,0.2205018550157547
91,0.1254923790693283,0.18221822381019592,0.2205018550157547
92,0.13059310615062714,0.05836275592446327,0.2205018550157547
93,0.12015135586261749,0.0887564867734909,0.2205018550157547
94,0.11870990693569183,0.06504949182271957,0.2205018550157547
95,0.11598681658506393,0.0,0.2205018550157547
96,0.10978622734546661,0.060695476830005646,0.2205018550157547
97,0.1069355458021164,0.10968921333551407,0.2205018550157547
98,0.10558537393808365,0.12503346800804138,0.2205018550157547
99,0.103301040828228,0.1535644829273224,0.2205018550157547
100,0.10415291041135788,0.22123858332633972,0.22123858332633972
