1,7.616586685180664,0.0,0
2,7.337695121765137,0.0,0
3,7.057887554168701,0.0,0
4,6.766399383544922,0.0,0
5,6.449709892272949,0.0,0
6,6.141067981719971,0.0,0
7,5.811678409576416,0.0,0
8,5.486649036407471,0.0,0
9,5.194675922393799,0.0,0
10,4.920137882232666,0.0,0
11,4.6679253578186035,0.0,0
12,4.449416637420654,0.0,0
13,4.24746036529541,0.0,0
14,4.057565689086914,0.0,0
15,3.8843371868133545,0.0,0
16,3.727001428604126,0.0,0
17,3.571169376373291,0.0,0
18,3.4301323890686035,0.0,0
19,3.303804636001587,0.0,0
20,3.17824649810791,0.0,0
21,3.0707826614379883,0.0,0
22,2.9630861282348633,0.0,0
23,2.8605141639709473,0.0,0
24,2.7736737728118896,0.0,0
25,2.6888349056243896,0.0,0
26,2.607997179031372,0.0,0
27,2.537585973739624,0.0,0
28,2.4677977561950684,0.0,0
29,2.4052772521972656,0.0,0
30,2.3555452823638916,0.0,0
31,2.290670156478882,0.0,0
32,2.235383987426758,0.0,0
33,2.191662073135376,0.0,0
34,2.14280104637146,0.0,0
35,2.096222162246704,0.0,0
36,2.058098077774048,0.0,0
37,2.0173726081848145,0.0,0
38,1.9769949913024902,0.0,0
39,1.9414409399032593,0.0,0
40,1.909416913986206,0.0,0
41,1.877220630645752,0.0,0
42,1.8410427570343018,0.0,0
43,1.8150584697723389,0.0,0
44,1.7797877788543701,0.0,0
45,1.7484060525894165,0.0,0
46,1.7192602157592773,0.0,0
47,1.6878502368927002,0.0,0
48,1.6597522497177124,0.0,0
49,1.6379820108413696,0.0,0
50,1.611936330795288,0.0,0
51,1.5832866430282593,0.0,0
52,1.5601733922958374,0.0,0
53,1.5306715965270996,0.0,0
54,1.5063297748565674,0.0,0
55,1.4802544116973877,0.0,0
56,1.4598515033721924,0.0,0
57,1.4314775466918945,0.0,0
58,1.4074876308441162,0.0,0
59,1.3847665786743164,0.0,0
60,1.3600672483444214,0.0,0
61,1.3356519937515259,0.0,0
62,1.313198447227478,0.0,0
63,1.2831556797027588,0.0,0
64,1.2679004669189453,0.0,0
65,1.233428716659546,0.0,0
66,1.2165586948394775,0.0,0
67,1.1881895065307617,0.0,0
68,1.165307641029358,0.0,0
69,1.1516661643981934,0.0,0
70,1.129616141319275,0.0,0
71,1.1124907732009888,0.0,0
72,1.0819076299667358,0.0,0
73,1.0629515647888184,0.0,0
74,1.0436110496520996,0.0,0
75,1.0227224826812744,0.0,0
76,1.0008269548416138,0.0,0
77,0.9854148030281067,0.0,0
78,0.9634002447128296,0.0,0
79,0.9480255842208862,0.0,0
80,0.9206838011741638,0.0,0
81,0.9057980179786682,0.0,0
82,0.885988175868988,0.0,0
83,0.8688831925392151,0.0,0
84,0.8579750657081604,0.0,0
85,0.839512050151825,0.0,0
86,0.8222583532333374,0.0,0
87,0.810621976852417,0.0,0
88,0.7935079336166382,0.0,0
89,0.7732828259468079,0.0,0
90,0.7594249248504639,0.0,0
91,0.7436283826828003,0.0,0
92,0.7296305894851685,0.0,0
93,0.7146040201187134,0.0,0
94,0.7042350769042969,0.0,0
95,0.6886841058731079,0.0,0
96,0.6716111898422241,0.0,0
97,0.6657701730728149,0.0,0
98,0.649911642074585,0.0,0
99,0.641226589679718,0.0,0
100,0.6290945410728455,0.0,0
