1,7.578463554382324,0.0,0
2,7.296976089477539,0.0,0
3,7.039926052093506,0.0,0
4,6.757734298706055,0.0,0
5,6.473160266876221,0.0,0
6,6.179020881652832,0.0,0
7,5.860113143920898,0.0,0
8,5.5544891357421875,0.0,0
9,5.264596939086914,0.0,0
10,4.984628200531006,0.0,0
11,4.733724594116211,0.0,0
12,4.497993469238281,0.0,0
13,4.287014961242676,0.0,0
14,4.088128566741943,0.0,0
15,3.8999993801116943,0.0,0
16,3.7304277420043945,0.0,0
17,3.570197105407715,0.0,0
18,3.4231796264648438,0.0,0
19,3.2839887142181396,0.0,0
20,3.156785249710083,0.0,0
21,3.033945083618164,0.0,0
22,2.919464111328125,0.0,0
23,2.8161425590515137,0.0,0
24,2.724158525466919,0.0,0
25,2.6337954998016357,0.0,0
26,2.555840253829956,0.0,0
27,2.4810259342193604,0.0,0
28,2.409446954727173,0.0,0
29,2.346235752105713,0.0,0
30,2.2819554805755615,0.0,0
31,2.2232470512390137,0.0,0
32,2.166848659515381,0.0,0
33,2.120598316192627,0.0,0
34,2.069401979446411,0.0,0
35,2.0305914878845215,0.0,0
36,1.9873929023742676,0.0,0
37,1.9484502077102661,0.0,0
38,1.9029000997543335,0.0,0
39,1.8709770441055298,0.0,0
40,1.8281081914901733,0.0,0
41,1.7945067882537842,0.0,0
42,1.760977029800415,0.0,0
43,1.7260725498199463,0.0,0
44,1.6950678825378418,0.0,0
45,1.6593642234802246,0.0,0
46,1.6308948993682861,0.0,0
47,1.6006237268447876,0.0,0
48,1.5728306770324707,0.0,0
49,1.5362119674682617,0.0,0
50,1.5156701803207397,0.0,0
51,1.4775185585021973,0.0,0
52,1.4611084461212158,0.0,0
53,1.426138162612915,0.0,0
54,1.4009215831756592,0.0,0
55,1.376602292060852,0.0,0
56,1.3489726781845093,0.0,0
57,1.3263107538223267,0.0,0
58,1.2915524244308472,0.0,0
59,1.2705349922180176,0.0,0
60,1.2475833892822266,0.0,0
61,1.2187579870224,0.0,0
62,1.1933027505874634,0.0,0
63,1.177370548248291,0.0,0
64,1.1475379467010498,0.0,0
65,1.1209609508514404,0.0,0
66,1.0974953174591064,0.0,0
67,1.0743120908737183,0.0,0
68,1.0524474382400513,0.0,0
69,1.0255242586135864,0.0,0
70,1.0145119428634644,0.0,0
71,0.9826656579971313,0.0,0
72,0.960479736328125,0.0,0
73,0.9406620860099792,0.0,0
74,0.9192937612533569,0.0,0
75,0.9066973328590393,0.0,0
76,0.8817598819732666,0.0,0
77,0.8585118651390076,0.0,0
78,0.8451444506645203,0.0,0
79,0.8221247792243958,0.0,0
80,0.8057880997657776,0.0,0
81,0.7837444543838501,0.0,0
82,0.766398549079895,0.0,0
83,0.7449204325675964,0.0,0
84,0.7296823859214783,0.0,0
85,0.713574230670929,0.0,0
86,0.6973637938499451,0.0,0
87,0.6779032349586487,0.0,0
88,0.6724395155906677,0.0,0
89,0.6512713432312012,0.0,0
90,0.6397850513458252,0.0,0
91,0.6297997236251831,0.0,0
92,0.613688051700592,0.0,0
93,0.601095974445343,0.0,0
94,0.5906864404678345,0.0,0
95,0.5779064297676086,0.0,0
96,0.5632039904594421,0.0,0
97,0.5504571795463562,0.0,0
98,0.5424458980560303,0.0,0
99,0.5369153022766113,0.0,0
100,0.5223534107208252,0.0,0
