1,5.162446022033691,0.0,0
2,4.917640209197998,0.0,0
3,4.699711322784424,0.0,0
4,4.478535175323486,0.0,0
5,4.2449469566345215,0.0,0
6,3.9699177742004395,0.0,0
7,3.721714735031128,0.0,0
8,3.4512782096862793,0.0,0
9,3.2448208332061768,0.0,0
10,3.0026795864105225,0.0,0
11,2.803088426589966,0.0,0
12,2.603543758392334,0.0,0
13,2.450805425643921,0.0,0
14,2.2776100635528564,0.0,0
15,2.081399440765381,0.0,0
16,1.9144277572631836,0.0,0
17,1.7734050750732422,0.0,0
18,1.6368815898895264,0.0,0
19,1.4912197589874268,0.03273118659853935,0.03273118659853935
20,1.372672438621521,0.0,0.03273118659853935
21,1.2783039808273315,0.0,0.03273118659853935
22,1.155295968055725,0.0,0.03273118659853935
23,1.0501806735992432,0.05152488499879837,0.05152488499879837
24,0.9549856185913086,0.0,0.05152488499879837
25,0.858738899230957,0.0,0.05152488499879837
26,0.789984941482544,0.045275088399648666,0.05152488499879837
27,0.7021313905715942,0.0,0.05152488499879837
28,0.649823009967804,0.0,0.05152488499879837
29,0.5686224699020386,0.0,0.05152488499879837
30,0.5200755596160889,0.0,0.05152488499879837
31,0.4853792190551758,0.0,0.05152488499879837
32,0.4167519509792328,0.0,0.05152488499879837
33,0.3996258080005646,0.0,0.05152488499879837
34,0.3497452139854431,0.0,0.05152488499879837
35,0.32827746868133545,0.0,0.05152488499879837
36,0.2880794405937195,0.05717938765883446,0.05717938765883446
37,0.275856077671051,0.0,0.05717938765883446
38,0.2529021203517914,0.0,0.05717938765883446
39,0.2225862443447113,0.0,0.05717938765883446
40,0.2155972272157669,0.05282212048768997,0.05717938765883446
41,0.19386355578899384,0.04454179108142853,0.05717938765883446
42,0.1782885193824768,0.0,0.05717938765883446
43,0.15983568131923676,0.0,0.05717938765883446
44,0.15069572627544403,0.0,0.05717938765883446
45,0.1417255997657776,0.0,0.05717938765883446
46,0.1348496526479721,0.05124359205365181,0.05717938765883446
47,0.12582391500473022,0.055334094911813736,0.05717938765883446
48,0.11501910537481308,0.0,0.05717938765883446
49,0.11047860234975815,0.0,0.05717938765883446
50,0.10139747709035873,0.0,0.05717938765883446
51,0.0965007096529007,0.0,0.05717938765883446
52,0.09181923419237137,0.09136602282524109,0.09136602282524109
53,0.09010808169841766,0.04365933686494827,0.09136602282524109
54,0.08185455203056335,0.0,0.09136602282524109
55,0.0779370367527008,0.0,0.09136602282524109
56,0.07432886213064194,0.0,0.09136602282524109
57,0.07317723333835602,0.0,0.09136602282524109
58,0.0700584203004837,0.04647193104028702,0.09136602282524109
59,0.06594378501176834,0.06552571058273315,0.09136602282524109
60,0.0630531907081604,0.06162075698375702,0.09136602282524109
61,0.0629032626748085,0.0472804494202137,0.09136602282524109
62,0.058436404913663864,0.04804948344826698,0.09136602282524109
63,0.05448222905397415,0.0,0.09136602282524109
64,0.0537361204624176,0.060636479407548904,0.09136602282524109
65,0.05293360352516174,0.0,0.09136602282524109
66,0.05021832138299942,0.0,0.09136602282524109
67,0.04796452820301056,0.06725635379552841,0.09136602282524109
68,0.04706864804029465,0.0,0.09136602282524109
69,0.04507126659154892,0.060494836419820786,0.09136602282524109
70,0.04372793808579445,0.04690229892730713,0.09136602282524109
71,0.04385601729154587,0.0,0.09136602282524109
72,0.04455188661813736,0.05808620527386665,0.09136602282524109
73,0.040806788951158524,0.1341734081506729,0.1341734081506729
74,0.04004758223891258,0.06727646291255951,0.1341734081506729
75,0.038823068141937256,0.0,0.1341734081506729
76,0.03773977607488632,0.04419415071606636,0.1341734081506729
77,0.037162985652685165,0.07724308222532272,0.1341734081506729
78,0.03508270904421806,0.06068696826696396,0.1341734081506729
79,0.03492303192615509,0.08238593488931656,0.1341734081506729
80,0.03480108827352524,0.0,0.1341734081506729
81,0.03331827372312546,0.05879164859652519,0.1341734081506729
82,0.03238852694630623,0.06490257382392883,0.1341734081506729
83,0.03311661258339882,0.053175508975982666,0.1341734081506729
84,0.030740991234779358,0.060494836419820786,0.1341734081506729
85,0.02987769804894924,0.0,0.1341734081506729
86,0.029944101348519325,0.06490257382392883,0.1341734081506729
87,0.030223244801163673,0.053305745124816895,0.1341734081506729
88,0.028311874717473984,0.0,0.1341734081506729
89,0.02797311171889305,0.049485381692647934,0.1341734081506729
90,0.02807627245783806,0.11132495850324631,0.1341734081506729
91,0.027158766984939575,0.0,0.1341734081506729
92,0.026517745107412338,0.0,0.1341734081506729
93,0.026094522327184677,0.09039904922246933,0.1341734081506729
94,0.026004452258348465,0.05629679560661316,0.1341734081506729
95,0.025420093908905983,0.04968058690428734,0.1341734081506729
96,0.025679146870970726,0.060494836419820786,0.1341734081506729
97,0.024872226640582085,0.0,0.1341734081506729
98,0.024130869656801224,0.09015239030122757,0.1341734081506729
99,0.02366657741367817,0.0,0.1341734081506729
100,0.023178625851869583,0.0,0.1341734081506729
