1,1.5585885038086524,0.19018581211566926,0.19018581211566926
2,1.3698141136519804,0.2006537824869156,0.2006537824869156
3,1.2580536335655008,0.2020486444234848,0.2020486444234848
4,1.1658850530637859,0.23611743450164796,0.23611743450164796
5,1.09190626471635,0.29712784588336943,0.29712784588336943
6,1.0258663980218068,0.2827725112438202,0.29712784588336943
7,0.9721323348070678,0.256001153588295,0.29712784588336943
8,0.9226554035629826,0.25348236560821535,0.29712784588336943
9,0.8784409089658928,0.32762724459171294,0.32762724459171294
10,0.8391251291442154,0.2969524204730988,0.32762724459171294
11,0.8064054978672146,0.3233428582549095,0.32762724459171294
12,0.7784632241551379,0.325031715631485,0.32762724459171294
13,0.7456715609914785,0.36781039237976076,0.36781039237976076
14,0.7220359614467078,0.2912761718034744,0.36781039237976076
15,0.6977933346560757,0.3604445904493332,0.36781039237976076
16,0.6768725683972843,0.36228141784667967,0.36781039237976076
17,0.6562737973975261,0.45351601839065553,0.45351601839065553
18,0.638360583161634,0.39589309096336367,0.45351601839065553
19,0.6214329744016219,0.4175226867198944,0.45351601839065553
20,0.606942675756493,0.43893654346466066,0.45351601839065553
21,0.5913924379085447,0.4410853773355484,0.45351601839065553
22,0.5794094714734722,0.32944762110710146,0.45351601839065553
23,0.5647303048119818,0.43753350973129274,0.45351601839065553
24,0.5525930298472916,0.41348211765289306,0.45351601839065553
25,0.5399032173110214,0.41725470721721647,0.45351601839065553
26,0.5277627146042161,0.2986107587814331,0.45351601839065553
27,0.5182961979957422,0.3973974481225014,0.45351601839065553
28,0.5058606581355286,0.4609679192304611,0.4609679192304611
29,0.4961735959466574,0.5035732626914978,0.5035732626914978
30,0.48437000898927984,0.4709474563598633,0.5035732626914978
31,0.4777270171903206,0.4574772655963898,0.5035732626914978
32,0.46774837778768774,0.49909368753433225,0.5035732626914978
33,0.4619926664597068,0.36959647536277773,0.5035732626914978
34,0.4525166372486236,0.4554044485092163,0.5035732626914978
35,0.44517333955691096,0.4935935646295547,0.5035732626914978
36,0.4370785977288012,0.468807715177536,0.5035732626914978
37,0.4308966394537491,0.4723244905471802,0.5035732626914978
38,0.4227891826409819,0.4452027529478073,0.5035732626914978
39,0.4168461390473396,0.5648382365703583,0.5648382365703583
40,0.410091663770456,0.5353742957115173,0.5648382365703583
41,0.40582475282552605,0.4909435510635376,0.5648382365703583
42,0.3995231478189966,0.41351406574249266,0.5648382365703583
43,0.3938150932534621,0.5279153048992157,0.5648382365703583
44,0.38662028963910855,0.5472967982292175,0.5648382365703583
45,0.3839529117896606,0.5414758324623108,0.5648382365703583
46,0.3789817405219195,0.5597057342529297,0.5648382365703583
47,0.3720202972490954,0.47972497045993806,0.5648382365703583
48,0.3691630266849583,0.5338172912597656,0.5648382365703583
49,0.36320257898770486,0.5349288254976272,0.5648382365703583
50,0.35865562200914913,0.4248186260461807,0.5648382365703583
51,0.35351860792631157,0.48968133330345154,0.5648382365703583
52,0.3470041429836211,0.5606394469738006,0.5648382365703583
53,0.34400001704478234,0.5194343268871308,0.5648382365703583
54,0.3407490994595722,0.45463475584983826,0.5648382365703583
55,0.33714399108545834,0.526550966501236,0.5648382365703583
56,0.3311437200036807,0.509945273399353,0.5648382365703583
57,0.32906132821495443,0.5483388245105744,0.5648382365703583
58,0.32419422235724654,0.5775870203971862,0.5775870203971862
59,0.3210253603687348,0.5040990650653839,0.5775870203971862
60,0.3174992450477701,0.5789627492427826,0.5789627492427826
61,0.31431121924308536,0.5374907791614533,0.5789627492427826
62,0.3093764883437971,0.5229877412319184,0.5789627492427826
63,0.3060904804022392,0.500030654668808,0.5789627492427826
64,0.30249597232661973,0.5053223550319672,0.5789627492427826
65,0.29954614405936325,0.6036779880523682,0.6036779880523682
66,0.29704534234178104,0.6191926181316376,0.6191926181316376
67,0.2923170534687053,0.49582660794258115,0.6191926181316376
68,0.2898031240229249,0.5405932247638703,0.6191926181316376
69,0.28759088358282253,0.4995622754096985,0.6191926181316376
70,0.2846339483800275,0.5541019022464753,0.6191926181316376
71,0.28175627285913957,0.5809696316719055,0.6191926181316376
72,0.2775012125050347,0.5636725544929504,0.6191926181316376
73,0.27461920583292704,0.6062320172786713,0.6191926181316376
74,0.2720579776349406,0.5176329255104065,0.6191926181316376
75,0.26963029147663425,0.557553505897522,0.6191926181316376
76,0.26731198916544274,0.5220449805259705,0.6191926181316376
77,0.2642762034538656,0.5558071255683898,0.6191926181316376
78,0.26209645454407865,0.5329615652561188,0.6191926181316376
79,0.2591648909405865,0.6167798519134522,0.6191926181316376
80,0.25670577458074145,0.5089670896530152,0.6191926181316376
81,0.2556594352460877,0.6142415106296539,0.6191926181316376
82,0.2529013099678899,0.5464198231697083,0.6191926181316376
83,0.24974439019053668,0.45277904272079467,0.6191926181316376
84,0.24769833211665243,0.5977237820625305,0.6191926181316376
85,0.24523115483215463,0.61405268907547,0.6191926181316376
86,0.2431959302206952,0.5845417261123658,0.6191926181316376
87,0.24032514625874954,0.5978737950325013,0.6191926181316376
88,0.2388550625793065,0.5779596567153931,0.6191926181316376
89,0.23605138244535856,0.6290528893470764,0.6290528893470764
90,0.2330344089693502,0.5954541385173797,0.6290528893470764
91,0.23114720421480786,0.48639152348041537,0.6290528893470764
92,0.22921940880092748,0.5761869609355926,0.6290528893470764
93,0.2273724326732139,0.5217286467552185,0.6290528893470764
94,0.2268814290569221,0.609913682937622,0.6290528893470764
95,0.22387413526933156,0.6341074049472809,0.6341074049472809
96,0.22135093913499934,0.5958393752574921,0.6341074049472809
97,0.21921545175501014,0.6022683382034302,0.6341074049472809
98,0.21712877467293223,0.5574147462844848,0.6341074049472809
99,0.2153786600912407,0.6295458495616912,0.6341074049472809
100,0.21251618087124954,0.5549662232398986,0.6341074049472809