1,7.1414031982421875,0.0,0
2,5.808037281036377,0.0,0
3,4.707404255867004,0.0,0
4,4.059250712394714,0.0,0
5,3.617012679576874,0.0,0
6,3.271082639694214,0.0,0
7,3.00559401512146,0.0,0
8,2.796652674674988,0.0,0
9,2.6409835815429688,0.0,0
10,2.5200687050819397,0.0,0
11,2.427101254463196,0.0,0
12,2.3467199206352234,0.0,0
13,2.2718867659568787,0.0,0
14,2.2116445899009705,0.0,0
15,2.1481893658638,0.0,0
16,2.093450605869293,0.0,0
17,2.0366314351558685,0.0,0
18,1.983800232410431,0.0,0
19,1.9382245242595673,0.0,0
20,1.8890350759029388,0.0,0
21,1.836594820022583,0.0,0
22,1.7906144261360168,0.0,0
23,1.746752768754959,0.0,0
24,1.7032303214073181,0.0,0
25,1.6557287573814392,0.0,0
26,1.6075399816036224,0.0,0
27,1.570666790008545,0.0,0
28,1.5248590558767319,0.0,0
29,1.4816303700208664,0.0,0
30,1.4442587494850159,0.0,0
31,1.4053875505924225,0.0,0
32,1.3653249740600586,0.0,0
33,1.3257930874824524,0.0,0
34,1.285893589258194,0.0,0
35,1.2561383694410324,0.0,0
36,1.2186431735754013,0.0,0
37,1.184269204735756,0.0,0
38,1.1535910964012146,0.0,0
39,1.1225816756486893,0.0,0
40,1.0908818542957306,0.0,0
41,1.060319870710373,0.0,0
42,1.0336472317576408,0.0,0
43,1.002849981188774,0.0,0
44,0.9731011018157005,0.0,0
45,0.9483899623155594,0.0,0
46,0.9214496463537216,0.0,0
47,0.8903176710009575,0.0,0
48,0.8673849999904633,0.0,0
49,0.8459868505597115,0.02658749930560589,0.02658749930560589
50,0.819344088435173,0.0,0.02658749930560589
51,0.7918426766991615,0.0,0.02658749930560589
52,0.7743053510785103,0.0,0.02658749930560589
53,0.7509620040655136,0.0,0.02658749930560589
54,0.7277474701404572,0.0,0.02658749930560589
55,0.7061222046613693,0.03158092126250267,0.03158092126250267
56,0.6814354434609413,0.0,0.03158092126250267
57,0.6605143249034882,0.0,0.03158092126250267
58,0.640078216791153,0.01861211657524109,0.03158092126250267
59,0.6213424801826477,0.0,0.03158092126250267
60,0.6021524965763092,0.0,0.03158092126250267
61,0.5839847214519978,0.0,0.03158092126250267
62,0.5677939392626286,0.0,0.03158092126250267
63,0.5476553663611412,0.0,0.03158092126250267
64,0.5292090848088264,0.0,0.03158092126250267
65,0.5163844861090183,0.0,0.03158092126250267
66,0.49971863254904747,0.0,0.03158092126250267
67,0.4877891503274441,0.03939583897590637,0.03939583897590637
68,0.4699375554919243,0.0,0.03939583897590637
69,0.45958877354860306,0.0,0.03939583897590637
70,0.44697757065296173,0.0,0.03939583897590637
71,0.43456994369626045,0.0,0.03939583897590637
72,0.42011138051748276,0.0,0.03939583897590637
73,0.4112047702074051,0.0,0.03939583897590637
74,0.397944875061512,0.07453577220439911,0.07453577220439911
75,0.39037006348371506,0.0,0.07453577220439911
76,0.3802585266530514,0.0,0.07453577220439911
77,0.3704341724514961,0.0,0.07453577220439911
78,0.3586818166077137,0.0,0.07453577220439911
79,0.3503671772778034,0.0,0.07453577220439911
80,0.3427050709724426,0.0,0.07453577220439911
81,0.3323441185057163,0.0,0.07453577220439911
82,0.3242746330797672,0.0,0.07453577220439911
83,0.3155628703534603,0.07879167795181274,0.07879167795181274
84,0.30880898609757423,0.0,0.07879167795181274
85,0.3010479751974344,0.0,0.07879167795181274
86,0.2934454046189785,0.0,0.07879167795181274
87,0.2865176536142826,0.0,0.07879167795181274
88,0.2782032061368227,0.06562298536300659,0.07879167795181274
89,0.2731352262198925,0.0,0.07879167795181274
90,0.2667284943163395,0.05799797177314758,0.07879167795181274
91,0.26002910546958447,0.06195436045527458,0.07879167795181274
92,0.252731766551733,0.06053696945309639,0.07879167795181274
93,0.24664460122585297,0.0,0.07879167795181274
94,0.2411309815943241,0.051543254405260086,0.07879167795181274
95,0.234823951497674,0.08123040944337845,0.08123040944337845
96,0.23021844029426575,0.0,0.08123040944337845
97,0.2234580498188734,0.03164003789424896,0.08123040944337845
98,0.2177138775587082,0.058103904128074646,0.08123040944337845
99,0.21392422541975975,0.0,0.08123040944337845
100,0.20624973624944687,0.0,0.08123040944337845
