1,7.025260925292969,0.0,0
2,5.7673903703689575,0.0,0
3,4.705461144447327,0.0,0
4,4.001111388206482,0.0,0
5,3.526300847530365,0.0,0
6,3.1514703035354614,0.0,0
7,2.867067575454712,0.0,0
8,2.645887315273285,0.0,0
9,2.482249677181244,0.0,0
10,2.358110547065735,0.0,0
11,2.2597530484199524,0.0,0
12,2.179336190223694,0.0,0
13,2.106853038072586,0.0,0
14,2.045739620923996,0.0,0
15,1.9864098131656647,0.0,0
16,1.9296173751354218,0.0,0
17,1.8745040893554688,0.0,0
18,1.8303926885128021,0.0,0
19,1.7883359789848328,0.0,0
20,1.7376804947853088,0.0,0
21,1.6965968161821365,0.0,0
22,1.6572213768959045,0.0,0
23,1.6163790076971054,0.0,0
24,1.5765067636966705,0.0,0
25,1.5361144989728928,0.0,0
26,1.5000742226839066,0.0,0
27,1.4666909575462341,0.0,0
28,1.432056576013565,0.0,0
29,1.4031916409730911,0.0,0
30,1.3630539178848267,0.0,0
31,1.3331432193517685,0.0,0
32,1.3006902933120728,0.0,0
33,1.2684404999017715,0.0,0
34,1.2377656400203705,0.0,0
35,1.2093624621629715,0.0,0
36,1.1786848604679108,0.0,0
37,1.148131974041462,0.0,0
38,1.1231149733066559,0.0,0
39,1.092855989933014,0.0,0
40,1.068975292146206,0.0,0
41,1.0404872968792915,0.0,0
42,1.0176464766263962,0.0,0
43,0.9873103946447372,0.0,0
44,0.9658320918679237,0.0,0
45,0.9384642392396927,0.0,0
46,0.9147475510835648,0.0,0
47,0.8908101916313171,0.0,0
48,0.8688015192747116,0.0,0
49,0.8438291028141975,0.0,0
50,0.8213045299053192,0.0,0
51,0.799782320857048,0.0,0
52,0.7755472585558891,0.0,0
53,0.7597458735108376,0.0,0
54,0.7381386160850525,0.0,0
55,0.7156789749860764,0.0,0
56,0.6954380422830582,0.0,0
57,0.6732116788625717,0.0,0
58,0.6543296426534653,0.0,0
59,0.6367177441716194,0.0,0
60,0.6172008141875267,0.0,0
61,0.5975826233625412,0.0,0
62,0.5829628929495811,0.0,0
63,0.5611066482961178,0.0,0
64,0.5458916388452053,0.0,0
65,0.528366032987833,0.0,0
66,0.513947568833828,0.0,0
67,0.5013784505426884,0.0,0
68,0.4824349656701088,0.0,0
69,0.4692993797361851,0.0,0
70,0.45561232417821884,0.0,0
71,0.44250041618943214,0.0,0
72,0.4249265156686306,0.0,0
73,0.4181215278804302,0.0,0
74,0.4022079259157181,0.0,0
75,0.39304150082170963,0.0,0
76,0.38178818486630917,0.0,0
77,0.36956615932285786,0.0,0
78,0.3617603909224272,0.0,0
79,0.34941513277590275,0.0,0
80,0.3399092387408018,0.0,0
81,0.33211865834891796,0.0,0
82,0.3222282603383064,0.0652158334851265,0.0652158334851265
83,0.3141341954469681,0.0,0.0652158334851265
84,0.30309293791651726,0.0,0.0652158334851265
85,0.29766006022691727,0.0829051062464714,0.0829051062464714
86,0.28794656693935394,0.0,0.0829051062464714
87,0.28051123581826687,0.0,0.0829051062464714
88,0.27218890003859997,0.0,0.0829051062464714
89,0.26853516325354576,0.0,0.0829051062464714
90,0.2597571909427643,0.0,0.0829051062464714
91,0.2544159796088934,0.0,0.0829051062464714
92,0.2458683904260397,0.0,0.0829051062464714
93,0.2366329301148653,0.0,0.0829051062464714
94,0.23313262593001127,0.07989417016506195,0.0829051062464714
95,0.2246578885242343,0.0,0.0829051062464714
96,0.21786428801715374,0.0,0.0829051062464714
97,0.2151572871953249,0.0,0.0829051062464714
98,0.20935850776731968,0.07476568967103958,0.0829051062464714
99,0.20479100849479437,0.0,0.0829051062464714
100,0.19884649477899075,0.0,0.0829051062464714
