Rounds,Learning Rate,Client Fraction,Client Number,Local Epochs,Batch Size,Hidden Size
100,0.001,1.0,4,1,32,128
1,2.8243496690894405,0.03167708218097687,0.03167708218097687
2,1.977671256313124,0.09209629148244858,0.09209629148244858
3,1.6636623844785519,0.15431660413742065,0.15431660413742065
4,1.4775920121058097,0.15896666422486305,0.15896666422486305
5,1.3447273565655868,0.20227281376719475,0.20227281376719475
6,1.2458035987634268,0.197786508128047,0.20227281376719475
7,1.167691991639765,0.22009360045194626,0.22009360045194626
8,1.0950093553922084,0.2536166347563267,0.2536166347563267
9,1.0392753337494363,0.3019755706191063,0.3019755706191063
10,0.9872175777715639,0.28836584836244583,0.3019755706191063
11,0.9467067635016524,0.39623235538601875,0.39623235538601875
12,0.9056087984423439,0.38538479804992676,0.39623235538601875
13,0.8741688043090856,0.33418142795562744,0.39623235538601875
14,0.8360721903353099,0.3792794570326805,0.39623235538601875
15,0.8079107683681529,0.3438861519098282,0.39623235538601875
16,0.7805060144343735,0.37484535574913025,0.39623235538601875
17,0.753066495796509,0.3246782049536705,0.39623235538601875
18,0.7304235537949384,0.35810647159814835,0.39623235538601875
19,0.7062634044117311,0.3475234806537628,0.39623235538601875
20,0.6858059673065275,0.35830140858888626,0.39623235538601875
21,0.6693598609364555,0.46078599244356155,0.46078599244356155
22,0.6534769444011973,0.3572855554521084,0.46078599244356155
23,0.6341635189603547,0.41698896139860153,0.46078599244356155
24,0.6178753069865903,0.384066566824913,0.46078599244356155
25,0.6046473980500775,0.43326981365680695,0.46078599244356155
26,0.5896665019549132,0.4296924024820328,0.46078599244356155
27,0.5788135344031436,0.3969530686736107,0.46078599244356155
28,0.5669154633924495,0.34811051189899445,0.46078599244356155
29,0.5538787240582079,0.4356183912605047,0.46078599244356155
30,0.5407456822172467,0.48408563807606697,0.48408563807606697
31,0.5303872877429561,0.43905122205615044,0.48408563807606697
32,0.5195430345548676,0.3881487715989351,0.48408563807606697
33,0.5128117035275399,0.4238623157143593,0.48408563807606697
34,0.5008343338904762,0.4521373361349106,0.48408563807606697
35,0.49300900029949263,0.4256935603916645,0.48408563807606697
36,0.48222435990138446,0.4868166632950306,0.4868166632950306
37,0.47611119391192164,0.44531458988785744,0.4868166632950306
38,0.46723808711574744,0.51029933989048,0.51029933989048
39,0.4582850774663388,0.48125791549682617,0.51029933989048
40,0.45046912484318097,0.5186305679380894,0.5186305679380894
41,0.4448386924271069,0.444522000849247,0.5186305679380894
42,0.438279084192401,0.5530460551381111,0.5530460551381111
43,0.4312275525729532,0.38292858749628067,0.5530460551381111
44,0.4240983660528634,0.4452495463192463,0.5530460551381111
45,0.417016938065085,0.4079596474766731,0.5530460551381111
46,0.4114998116267098,0.5068949609994888,0.5530460551381111
47,0.40714570147955276,0.40727578289806843,0.5530460551381111
48,0.39984577806688465,0.49268392845988274,0.5530460551381111
49,0.39517629872649207,0.4269961267709732,0.5530460551381111
50,0.3880275793571103,0.5294023901224136,0.5530460551381111
51,0.3834255877617773,0.42805536836385727,0.5530460551381111
52,0.37865631281496653,0.4910739064216614,0.5530460551381111
53,0.37305026257380625,0.4847353473305702,0.5530460551381111
54,0.36809800253223585,0.436271071434021,0.5530460551381111
55,0.36350532773044,0.5059925988316536,0.5530460551381111
56,0.358879120731585,0.5405343882739544,0.5530460551381111
57,0.3539275234472976,0.44524528086185455,0.5530460551381111
58,0.3484724836008368,0.5152803305536509,0.5530460551381111
59,0.3449362322125572,0.5230482965707779,0.5530460551381111
60,0.34150131559483327,0.4532114267349243,0.5530460551381111
61,0.33878696673955255,0.5201783552765846,0.5530460551381111
62,0.33317407863798726,0.46132204681634903,0.5530460551381111
63,0.3295520267922028,0.4824618473649025,0.5530460551381111
64,0.323706440968548,0.5458291992545128,0.5530460551381111
65,0.32184022226816883,0.5319556705653667,0.5530460551381111
66,0.31953611150153804,0.567854031920433,0.567854031920433
67,0.31352893874222665,0.5598485916852951,0.567854031920433
68,0.31015601056792785,0.4730813726782799,0.567854031920433
69,0.30609623783815304,0.5007584616541862,0.567854031920433
70,0.3035306596416767,0.5783688649535179,0.5783688649535179
71,0.3009247378781087,0.47078707069158554,0.5783688649535179
72,0.29764306083950026,0.5410790219902992,0.5783688649535179
73,0.2945226836106477,0.5161621905863285,0.5783688649535179
74,0.29169091597173996,0.5399093255400658,0.5783688649535179
75,0.28715862595680985,0.5644369646906853,0.5783688649535179
76,0.28426577959549315,0.5740715377032757,0.5783688649535179
77,0.28137850868254877,0.5098946429789066,0.5783688649535179
78,0.2796019718053987,0.5970569625496864,0.5970569625496864
79,0.2767765794221444,0.4603526033461094,0.5970569625496864
80,0.27333332722477444,0.5626822263002396,0.5970569625496864
81,0.27117477952528807,0.5151742249727249,0.5970569625496864
82,0.2666373934526747,0.614515408873558,0.614515408873558
83,0.2662835399366301,0.5415237993001938,0.614515408873558
84,0.2635204917227937,0.6151877269148827,0.6151877269148827
85,0.2598023433103606,0.5271619036793709,0.6151877269148827
86,0.2588183924658999,0.4293505381792784,0.6151877269148827
87,0.25592686789572844,0.5676378756761551,0.6151877269148827
88,0.2547565652611482,0.5183289870619774,0.6151877269148827
89,0.2513760750002354,0.6101638972759247,0.6151877269148827
90,0.24928010960415503,0.5193639397621155,0.6151877269148827
91,0.2473618100648522,0.5241364128887653,0.6151877269148827
92,0.24477724623729988,0.6071523129940033,0.6151877269148827
93,0.24367456511789237,0.5960373803973198,0.6151877269148827
94,0.238273537592851,0.5704283118247986,0.6151877269148827
95,0.23834940878637068,0.4963703230023384,0.6151877269148827
96,0.23734239093906717,0.5677423179149628,0.6151877269148827
97,0.23495500134774883,0.5415598079562187,0.6151877269148827
98,0.23319132533290907,0.5574995093047619,0.6151877269148827
99,0.23007857674326282,0.5651178807020187,0.6151877269148827
100,0.22919840059791347,0.5576955229043961,0.6151877269148827
