1,5.323967456817627,0.0,0
2,5.073952674865723,0.0,0
3,4.847552299499512,0.0,0
4,4.5693745613098145,0.0,0
5,4.350964546203613,0.0,0
6,4.1061811447143555,0.0,0
7,3.9504659175872803,0.0,0
8,3.7004213333129883,0.0,0
9,3.576474189758301,0.0,0
10,3.3709967136383057,0.0,0
11,3.1950924396514893,0.0,0
12,3.031979560852051,0.0,0
13,2.9371137619018555,0.0,0
14,2.800753593444824,0.0,0
15,2.65388560295105,0.0,0
16,2.5634124279022217,0.0,0
17,2.417212724685669,0.0,0
18,2.32222318649292,0.0,0
19,2.213932991027832,0.05659402161836624,0.05659402161836624
20,2.1239736080169678,0.0,0.05659402161836624
21,2.032378911972046,0.08166226744651794,0.08166226744651794
22,1.9647313356399536,0.0,0.08166226744651794
23,1.8657712936401367,0.0,0.08166226744651794
24,1.7884101867675781,0.06358875334262848,0.08166226744651794
25,1.707587480545044,0.08320607244968414,0.08320607244968414
26,1.6293774843215942,0.0565020889043808,0.08320607244968414
27,1.5596650838851929,0.04464849829673767,0.08320607244968414
28,1.5293099880218506,0.09799425303936005,0.09799425303936005
29,1.4302183389663696,0.0,0.09799425303936005
30,1.355727195739746,0.16172951459884644,0.16172951459884644
31,1.317907691001892,0.030941255390644073,0.16172951459884644
32,1.2674251794815063,0.11872553080320358,0.16172951459884644
33,1.1997711658477783,0.08606136590242386,0.16172951459884644
34,1.1603293418884277,0.06031141057610512,0.16172951459884644
35,1.1032121181488037,0.15857961773872375,0.16172951459884644
36,1.0398962497711182,0.11595438420772552,0.16172951459884644
37,1.0222584009170532,0.0,0.16172951459884644
38,0.9497950673103333,0.1828291416168213,0.1828291416168213
39,0.9143862724304199,0.09772291034460068,0.1828291416168213
40,0.8623502850532532,0.14211885631084442,0.1828291416168213
41,0.8490805625915527,0.12634485960006714,0.1828291416168213
42,0.7991728782653809,0.11727188527584076,0.1828291416168213
43,0.7649586200714111,0.04979708790779114,0.1828291416168213
44,0.7031345367431641,0.09219669550657272,0.1828291416168213
45,0.7088096737861633,0.11438342928886414,0.1828291416168213
46,0.6758072376251221,0.07354636767316496,0.1828291416168213
47,0.6279073357582092,0.13855043053627014,0.1828291416168213
48,0.5897603631019592,0.08301296085119247,0.1828291416168213
49,0.5835559368133545,0.09167927503585815,0.1828291416168213
50,0.5443098545074463,0.09867626428604126,0.1828291416168213
51,0.5234150290489197,0.2127663940191269,0.2127663940191269
52,0.5102829337120056,0.16420941054821014,0.2127663940191269
53,0.4891805648803711,0.07595796138048172,0.2127663940191269
54,0.4761798083782196,0.19689339399337769,0.2127663940191269
55,0.4642685055732727,0.14528632164001465,0.2127663940191269
56,0.42645463347435,0.17451046407222748,0.2127663940191269
57,0.4031355381011963,0.14223559200763702,0.2127663940191269
58,0.39060714840888977,0.12783938646316528,0.2127663940191269
59,0.3817616403102875,0.0,0.2127663940191269
60,0.3606054186820984,0.11945372819900513,0.2127663940191269
61,0.342498242855072,0.1932239681482315,0.2127663940191269
62,0.33359217643737793,0.11330927908420563,0.2127663940191269
63,0.31474295258522034,0.1862129122018814,0.2127663940191269
64,0.31555983424186707,0.13095439970493317,0.2127663940191269
65,0.2989233434200287,0.15276780724525452,0.2127663940191269
66,0.29713642597198486,0.09681818634271622,0.2127663940191269
67,0.274819940328598,0.12685233354568481,0.2127663940191269
68,0.27194029092788696,0.27257052063941956,0.27257052063941956
69,0.24777616560459137,0.24764367938041687,0.27257052063941956
70,0.24914231896400452,0.19481657445430756,0.27257052063941956
71,0.24060547351837158,0.11050474643707275,0.27257052063941956
72,0.23392003774642944,0.16458489000797272,0.27257052063941956
73,0.21893031895160675,0.19451650977134705,0.27257052063941956
74,0.20965561270713806,0.09555498510599136,0.27257052063941956
75,0.1961122453212738,0.0,0.27257052063941956
76,0.20239801704883575,0.22403255105018616,0.27257052063941956
77,0.20276735723018646,0.23751623928546906,0.27257052063941956
78,0.18839432299137115,0.20256668329238892,0.27257052063941956
79,0.18995359539985657,0.13689275085926056,0.27257052063941956
80,0.1802697628736496,0.22966627776622772,0.27257052063941956
81,0.1644093543291092,0.3243747353553772,0.3243747353553772
82,0.1647942215204239,0.27618300914764404,0.3243747353553772
83,0.16199491918087006,0.1857130527496338,0.3243747353553772
84,0.15003612637519836,0.24564939737319946,0.3243747353553772
85,0.1519877165555954,0.17008480429649353,0.3243747353553772
86,0.1555640548467636,0.18154339492321014,0.3243747353553772
87,0.1440809667110443,0.10062344372272491,0.3243747353553772
88,0.13819941878318787,0.2881317734718323,0.3243747353553772
89,0.13956542313098907,0.14762960374355316,0.3243747353553772
90,0.1334000527858734,0.07829117774963379,0.3243747353553772
91,0.129442498087883,0.10971939563751221,0.3243747353553772
92,0.12502595782279968,0.07419206947088242,0.3243747353553772
93,0.12769663333892822,0.2245812714099884,0.3243747353553772
94,0.11446063220500946,0.23838737607002258,0.3243747353553772
95,0.11973114311695099,0.2763535976409912,0.3243747353553772
96,0.11835071444511414,0.273113876581192,0.3243747353553772
97,0.1174541637301445,0.1801152229309082,0.3243747353553772
98,0.10591660439968109,0.15171924233436584,0.3243747353553772
99,0.10607156157493591,0.07311106473207474,0.3243747353553772
100,0.10552427917718887,0.18659871816635132,0.3243747353553772
