1,5.00379753112793,0.0,0
2,4.31553300221761,0.0,0
3,3.840299208958944,0.0,0
4,3.453712542851766,0.0,0
5,3.1595786412556968,0.0,0
6,2.936060349146525,0.0,0
7,2.744666417439779,0.0,0
8,2.606424252192179,0.04002358019351959,0.04002358019351959
9,2.4634083906809487,0.0,0.04002358019351959
10,2.3582491874694824,0.0,0.04002358019351959
11,2.256545305252075,0.0,0.04002358019351959
12,2.1372989813486734,0.0,0.04002358019351959
13,2.071392218271891,0.0,0.04002358019351959
14,1.9907545646031697,0.06273575872182846,0.06273575872182846
15,1.912947654724121,0.0,0.06273575872182846
16,1.8520382642745972,0.0,0.06273575872182846
17,1.7660963535308838,0.13411220908164978,0.13411220908164978
18,1.717967947324117,0.08573870360851288,0.13411220908164978
19,1.6582025289535522,0.07057797163724899,0.13411220908164978
20,1.5907367865244548,0.09515363723039627,0.13411220908164978
21,1.5293073654174805,0.0,0.13411220908164978
22,1.4791147311528523,0.10555732995271683,0.13411220908164978
23,1.4228005806605022,0.18093550205230713,0.18093550205230713
24,1.3659878174463909,0.06821449846029282,0.18093550205230713
25,1.3122596740722656,0.16036280989646912,0.18093550205230713
26,1.2575647433598836,0.15443509817123413,0.18093550205230713
27,1.208279013633728,0.16433942317962646,0.18093550205230713
28,1.1634208758672078,0.1125025749206543,0.18093550205230713
29,1.111330509185791,0.3342413902282715,0.3342413902282715
30,1.0833697120348613,0.19759567081928253,0.3342413902282715
31,1.0478670199712117,0.21191294491291046,0.3342413902282715
32,0.9838762084643046,0.17822083830833435,0.3342413902282715
33,0.9570404092470804,0.22624729573726654,0.3342413902282715
34,0.8995082378387451,0.22083672881126404,0.3342413902282715
35,0.8750456770261129,0.3456995189189911,0.3456995189189911
36,0.8263069192568461,0.4614787697792053,0.4614787697792053
37,0.7909891804059347,0.25339654088020325,0.4614787697792053
38,0.7660417755444845,0.37630555033683777,0.4614787697792053
39,0.7252598802248637,0.3080725073814392,0.4614787697792053
40,0.6974515914916992,0.41204193234443665,0.4614787697792053
41,0.6582145889600118,0.4782117009162903,0.4782117009162903
42,0.6225183010101318,0.39278000593185425,0.4782117009162903
43,0.600497325261434,0.39015600085258484,0.4782117009162903
44,0.573208769162496,0.5308800935745239,0.5308800935745239
45,0.5403336683909098,0.4894479513168335,0.5308800935745239
46,0.517269084850947,0.5352414846420288,0.5352414846420288
47,0.49494726459185284,0.5570259690284729,0.5570259690284729
48,0.4715625246365865,0.5425366759300232,0.5570259690284729
49,0.45193267862002057,0.43088802695274353,0.5570259690284729
50,0.42143096526463825,0.49438539147377014,0.5570259690284729
51,0.4055770734945933,0.5242660045623779,0.5570259690284729
52,0.3972521225611369,0.48353806138038635,0.5570259690284729
53,0.3634769916534424,0.5238215923309326,0.5570259690284729
54,0.3492595354715983,0.525484561920166,0.5570259690284729
55,0.34570027391115826,0.4912996292114258,0.5570259690284729
56,0.32260164618492126,0.5414057374000549,0.5570259690284729
57,0.3105306426684062,0.576041042804718,0.576041042804718
58,0.29128358761469525,0.43195730447769165,0.576041042804718
59,0.2778466393550237,0.5254346132278442,0.576041042804718
60,0.2615935802459717,0.6142538189888,0.6142538189888
61,0.2520862619082133,0.6347872614860535,0.6347872614860535
62,0.24416367212931314,0.5449330806732178,0.6347872614860535
63,0.23145716389020285,0.49238166213035583,0.6347872614860535
64,0.22370711962381998,0.535958468914032,0.6347872614860535
65,0.21514949202537537,0.4771755039691925,0.6347872614860535
66,0.2088434100151062,0.5129479169845581,0.6347872614860535
67,0.20630120734373728,0.6064644455909729,0.6347872614860535
68,0.1905107448498408,0.5164703130722046,0.6347872614860535
69,0.18292352557182312,0.6148834824562073,0.6347872614860535
70,0.17946050067742667,0.5280987024307251,0.6347872614860535
71,0.1698408325513204,0.494113951921463,0.6347872614860535
72,0.16453027228514353,0.5494023561477661,0.6347872614860535
73,0.15942341089248657,0.4504620134830475,0.6347872614860535
74,0.15266776581605276,0.44487443566322327,0.6347872614860535
75,0.1489981065193812,0.5808295607566833,0.6347872614860535
76,0.13900710145632425,0.6152609586715698,0.6347872614860535
77,0.13894342382748923,0.5080196857452393,0.6347872614860535
78,0.1327104146281878,0.5509124398231506,0.6347872614860535
79,0.1306440532207489,0.49319595098495483,0.6347872614860535
80,0.12374899039665858,0.47028782963752747,0.6347872614860535
81,0.11799831688404083,0.5291553139686584,0.6347872614860535
82,0.11969626694917679,0.6160078048706055,0.6347872614860535
83,0.11215432981650035,0.5854564905166626,0.6347872614860535
84,0.1110779196023941,0.5012279748916626,0.6347872614860535
85,0.10942100485165913,0.529052197933197,0.6347872614860535
86,0.10604702184597652,0.5613369941711426,0.6347872614860535
87,0.10398385425408681,0.6070961356163025,0.6347872614860535
88,0.10364271700382233,0.5028269290924072,0.6347872614860535
89,0.0970129743218422,0.5210305452346802,0.6347872614860535
90,0.0941169410943985,0.5764183402061462,0.6347872614860535
91,0.09500061223904292,0.5850149393081665,0.6347872614860535
92,0.08821059763431549,0.5900707840919495,0.6347872614860535
93,0.08877541621526082,0.6695132255554199,0.6695132255554199
94,0.08480923126141231,0.5173105001449585,0.6695132255554199
95,0.08246669669946034,0.5375179052352905,0.6695132255554199
96,0.08417975902557373,0.6183624863624573,0.6695132255554199
97,0.08029030015071233,0.5257947444915771,0.6695132255554199
98,0.0776585265994072,0.5172443389892578,0.6695132255554199
99,0.07521726439396541,0.425519198179245,0.6695132255554199
100,0.07468708107868831,0.4267421364784241,0.6695132255554199
