1,5.279517650604248,0.0,0
2,4.966006755828857,0.0,0
3,4.662327289581299,0.0,0
4,4.342210292816162,0.0,0
5,4.109102249145508,0.0,0
6,3.8145766258239746,0.0,0
7,3.5858092308044434,0.0,0
8,3.3582165241241455,0.0,0
9,3.212172031402588,0.0,0
10,3.0364251136779785,0.0,0
11,2.891570806503296,0.0,0
12,2.764897346496582,0.0,0
13,2.679445743560791,0.0,0
14,2.520770311355591,0.0,0
15,2.4526712894439697,0.0,0
16,2.344099283218384,0.0,0
17,2.2810111045837402,0.0,0
18,2.187933921813965,0.028011104092001915,0.028011104092001915
19,2.0677847862243652,0.0,0.028011104092001915
20,1.982169508934021,0.0,0.028011104092001915
21,1.9034610986709595,0.031431492418050766,0.031431492418050766
22,1.807440996170044,0.0,0.031431492418050766
23,1.7778860330581665,0.0,0.031431492418050766
24,1.6870437860488892,0.0,0.031431492418050766
25,1.6151635646820068,0.06912671774625778,0.06912671774625778
26,1.572451114654541,0.0,0.06912671774625778
27,1.4803653955459595,0.0901804193854332,0.0901804193854332
28,1.390966534614563,0.08879581093788147,0.0901804193854332
29,1.366775631904602,0.041993699967861176,0.0901804193854332
30,1.2976139783859253,0.033336788415908813,0.0901804193854332
31,1.2394757270812988,0.0,0.0901804193854332
32,1.195694088935852,0.06400228291749954,0.0901804193854332
33,1.1448302268981934,0.0,0.0901804193854332
34,1.0879360437393188,0.10979518294334412,0.10979518294334412
35,1.0702989101409912,0.0,0.10979518294334412
36,0.9986588954925537,0.08575620502233505,0.10979518294334412
37,0.9628656506538391,0.0,0.10979518294334412
38,0.910269558429718,0.0,0.10979518294334412
39,0.8926185369491577,0.0,0.10979518294334412
40,0.8433234691619873,0.0,0.10979518294334412
41,0.7940824627876282,0.0,0.10979518294334412
42,0.7611926794052124,0.07961719483137131,0.10979518294334412
43,0.7188717126846313,0.14858458936214447,0.14858458936214447
44,0.6892997622489929,0.0,0.14858458936214447
45,0.6734681725502014,0.1927330195903778,0.1927330195903778
46,0.6320431232452393,0.09064126014709473,0.1927330195903778
47,0.595141589641571,0.07961620390415192,0.1927330195903778
48,0.5739346146583557,0.1348978728055954,0.1927330195903778
49,0.5445310473442078,0.0,0.1927330195903778
50,0.5290013551712036,0.05869761109352112,0.1927330195903778
51,0.5002995133399963,0.09711908549070358,0.1927330195903778
52,0.4812801480293274,0.07598178088665009,0.1927330195903778
53,0.4538748562335968,0.18251262605190277,0.1927330195903778
54,0.4336845874786377,0.1463213562965393,0.1927330195903778
55,0.4120980203151703,0.0,0.1927330195903778
56,0.4049200117588043,0.08122491091489792,0.1927330195903778
57,0.40161558985710144,0.17396628856658936,0.1927330195903778
58,0.3730122447013855,0.07137404382228851,0.1927330195903778
59,0.3653610944747925,0.13800016045570374,0.1927330195903778
60,0.317483127117157,0.1835319697856903,0.1927330195903778
61,0.32889097929000854,0.18068799376487732,0.1927330195903778
62,0.32072505354881287,0.09935729205608368,0.1927330195903778
63,0.2979283928871155,0.0,0.1927330195903778
64,0.28695476055145264,0.1355728805065155,0.1927330195903778
65,0.26646873354911804,0.12596260011196136,0.1927330195903778
66,0.2591044306755066,0.06687185913324356,0.1927330195903778
67,0.24691860377788544,0.1620739847421646,0.1927330195903778
68,0.2514726519584656,0.06559614092111588,0.1927330195903778
69,0.2449689507484436,0.0,0.1927330195903778
70,0.2246551662683487,0.09950951486825943,0.1927330195903778
71,0.2228015512228012,0.11901091784238815,0.1927330195903778
72,0.21546302735805511,0.1469130665063858,0.1927330195903778
73,0.2083824872970581,0.0,0.1927330195903778
74,0.2017165720462799,0.21903344988822937,0.21903344988822937
75,0.201957568526268,0.0832425057888031,0.21903344988822937
76,0.18946151435375214,0.0,0.21903344988822937
77,0.17930515110492706,0.10849134624004364,0.21903344988822937
78,0.17505061626434326,0.0,0.21903344988822937
79,0.16263943910598755,0.0,0.21903344988822937
80,0.1658817082643509,0.0905531495809555,0.21903344988822937
81,0.16258595883846283,0.24484527111053467,0.24484527111053467
82,0.1499209851026535,0.0,0.24484527111053467
83,0.1482791304588318,0.19751985371112823,0.24484527111053467
84,0.14489693939685822,0.07780465483665466,0.24484527111053467
85,0.14368605613708496,0.09156326204538345,0.24484527111053467
86,0.140695258975029,0.1982356756925583,0.24484527111053467
87,0.13279476761817932,0.1345331370830536,0.24484527111053467
88,0.12839275598526,0.11368004232645035,0.24484527111053467
89,0.12378117442131042,0.0,0.24484527111053467
90,0.12516999244689941,0.08430805802345276,0.24484527111053467
91,0.12492747604846954,0.13050854206085205,0.24484527111053467
92,0.1143515557050705,0.0,0.24484527111053467
93,0.10995502769947052,0.20719973742961884,0.24484527111053467
94,0.11200642585754395,0.143957257270813,0.24484527111053467
95,0.1038067638874054,0.09576375782489777,0.24484527111053467
96,0.10234734416007996,0.2293611615896225,0.24484527111053467
97,0.10235368460416794,0.0,0.24484527111053467
98,0.10354369133710861,0.1607816219329834,0.24484527111053467
99,0.09627430886030197,0.10382616519927979,0.24484527111053467
100,0.0996781513094902,0.0,0.24484527111053467
