1,5.564428806304932,0.0,0
2,5.270841598510742,0.0,0
3,5.0057268142700195,0.0,0
4,4.748288154602051,0.0,0
5,4.545063018798828,0.0,0
6,4.28679895401001,0.0,0
7,4.073425769805908,0.0,0
8,3.8458611965179443,0.018726320937275887,0.018726320937275887
9,3.6731677055358887,0.0,0.018726320937275887
10,3.5247507095336914,0.0,0.018726320937275887
11,3.355004072189331,0.019800499081611633,0.019800499081611633
12,3.1680822372436523,0.0,0.019800499081611633
13,3.0740597248077393,0.0,0.019800499081611633
14,2.9548332691192627,0.0,0.019800499081611633
15,2.80256986618042,0.0,0.019800499081611633
16,2.7152695655822754,0.0,0.019800499081611633
17,2.5904595851898193,0.0,0.019800499081611633
18,2.439159631729126,0.0,0.019800499081611633
19,2.3847217559814453,0.0,0.019800499081611633
20,2.2686800956726074,0.0,0.019800499081611633
21,2.199523687362671,0.0972437858581543,0.0972437858581543
22,2.1142966747283936,0.05651278421282768,0.0972437858581543
23,2.019611358642578,0.10950659215450287,0.10950659215450287
24,1.9393603801727295,0.03393072634935379,0.10950659215450287
25,1.8610018491744995,0.06739046424627304,0.10950659215450287
26,1.7377701997756958,0.0675152912735939,0.10950659215450287
27,1.6970309019088745,0.0,0.10950659215450287
28,1.6225099563598633,0.11578583717346191,0.11578583717346191
29,1.572878360748291,0.0,0.11578583717346191
30,1.5035197734832764,0.1254091113805771,0.1254091113805771
31,1.4335023164749146,0.0,0.1254091113805771
32,1.3785017728805542,0.06338964402675629,0.1254091113805771
33,1.2927035093307495,0.0,0.1254091113805771
34,1.2782920598983765,0.09797818213701248,0.1254091113805771
35,1.2078074216842651,0.052173689007759094,0.1254091113805771
36,1.147135615348816,0.1278076320886612,0.1278076320886612
37,1.1064339876174927,0.05959763377904892,0.1278076320886612
38,1.0600368976593018,0.08920963853597641,0.1278076320886612
39,1.0166094303131104,0.06692497432231903,0.1278076320886612
40,0.9473105072975159,0.0905073955655098,0.1278076320886612
41,0.897373378276825,0.15917862951755524,0.15917862951755524
42,0.8695554137229919,0.046857479959726334,0.15917862951755524
43,0.8514590263366699,0.11402292549610138,0.15917862951755524
44,0.7997509837150574,0.08342799544334412,0.15917862951755524
45,0.7811620235443115,0.08882390707731247,0.15917862951755524
46,0.7414303421974182,0.10359489172697067,0.15917862951755524
47,0.7116720676422119,0.1450594812631607,0.15917862951755524
48,0.6686374545097351,0.08856987208127975,0.15917862951755524
49,0.6313872337341309,0.1238182932138443,0.15917862951755524
50,0.6204428672790527,0.1529311090707779,0.15917862951755524
51,0.5953870415687561,0.16416780650615692,0.16416780650615692
52,0.568977952003479,0.17435602843761444,0.17435602843761444
53,0.5444470047950745,0.13765282928943634,0.17435602843761444
54,0.5235033631324768,0.09078800678253174,0.17435602843761444
55,0.4936419725418091,0.10929182916879654,0.17435602843761444
56,0.4649696350097656,0.06949727982282639,0.17435602843761444
57,0.4411637485027313,0.08356209099292755,0.17435602843761444
58,0.42686927318573,0.11034883558750153,0.17435602843761444
59,0.414755642414093,0.09243009984493256,0.17435602843761444
60,0.39096829295158386,0.08502017706632614,0.17435602843761444
61,0.370563805103302,0.0,0.17435602843761444
62,0.37343811988830566,0.22570529580116272,0.22570529580116272
63,0.35700666904449463,0.13877181708812714,0.22570529580116272
64,0.3480488061904907,0.12419327348470688,0.22570529580116272
65,0.3256128430366516,0.10208891332149506,0.22570529580116272
66,0.31283000111579895,0.21895064413547516,0.22570529580116272
67,0.29178911447525024,0.061139822006225586,0.22570529580116272
68,0.2897520363330841,0.0,0.22570529580116272
69,0.28123778104782104,0.16702838242053986,0.22570529580116272
70,0.2669648230075836,0.07333049923181534,0.22570529580116272
71,0.2566911280155182,0.24266426265239716,0.24266426265239716
72,0.25328442454338074,0.16260619461536407,0.24266426265239716
73,0.23430396616458893,0.20579233765602112,0.24266426265239716
74,0.21695652604103088,0.1293775588274002,0.24266426265239716
75,0.20999088883399963,0.13695399463176727,0.24266426265239716
76,0.21330848336219788,0.16852277517318726,0.24266426265239716
77,0.21223986148834229,0.2984234094619751,0.2984234094619751
78,0.1896597295999527,0.17220322787761688,0.2984234094619751
79,0.19763070344924927,0.04982045665383339,0.2984234094619751
80,0.18835584819316864,0.08813557773828506,0.2984234094619751
81,0.1788151115179062,0.19421380758285522,0.2984234094619751
82,0.1763421893119812,0.10016817599534988,0.2984234094619751
83,0.1727887988090515,0.10019564628601074,0.2984234094619751
84,0.16686466336250305,0.2403029352426529,0.2984234094619751
85,0.16058623790740967,0.1335529088973999,0.2984234094619751
86,0.15780261158943176,0.16788139939308167,0.2984234094619751
87,0.15126682817935944,0.2613367438316345,0.2984234094619751
88,0.14208966493606567,0.14914745092391968,0.2984234094619751
89,0.14361055195331573,0.0638953298330307,0.2984234094619751
90,0.1341964155435562,0.19112862646579742,0.2984234094619751
91,0.13234880566596985,0.05462218075990677,0.2984234094619751
92,0.1288827359676361,0.16933296620845795,0.2984234094619751
93,0.12382132560014725,0.13209882378578186,0.2984234094619751
94,0.12563656270503998,0.1156332790851593,0.2984234094619751
95,0.1203569620847702,0.18702305853366852,0.2984234094619751
96,0.12351059913635254,0.08827195316553116,0.2984234094619751
97,0.11193748563528061,0.19285538792610168,0.2984234094619751
98,0.10929296165704727,0.1297135353088379,0.2984234094619751
99,0.11365369707345963,0.12188661098480225,0.2984234094619751
100,0.10860234498977661,0.0,0.2984234094619751
