1,5.1382795969645185,0.0,0
2,4.4837751388549805,0.0,0
3,3.942254622777303,0.0,0
4,3.5651141007741294,0.03063066117465496,0.03063066117465496
5,3.245211124420166,0.0,0.03063066117465496
6,3.0082587401072183,0.0,0.03063066117465496
7,2.8205064137776694,0.0,0.03063066117465496
8,2.685396194458008,0.0,0.03063066117465496
9,2.5399746100107827,0.0,0.03063066117465496
10,2.4354847272237143,0.0,0.03063066117465496
11,2.3173879782358804,0.0,0.03063066117465496
12,2.232968250910441,0.0,0.03063066117465496
13,2.1640446186065674,0.0,0.03063066117465496
14,2.0869545936584473,0.05382218584418297,0.05382218584418297
15,2.004001021385193,0.08635125309228897,0.08635125309228897
16,1.9248751799265544,0.07035697251558304,0.08635125309228897
17,1.8676174481709797,0.07502657175064087,0.08635125309228897
18,1.8151087760925293,0.07211116701364517,0.08635125309228897
19,1.7480607827504475,0.13910508155822754,0.13910508155822754
20,1.6944794257481892,0.10744190961122513,0.13910508155822754
21,1.6330126921335857,0.09066600352525711,0.13910508155822754
22,1.584633509318034,0.07426253706216812,0.13910508155822754
23,1.5164581934611003,0.16814081370830536,0.16814081370830536
24,1.4696312348047893,0.09159394353628159,0.16814081370830536
25,1.4156068960825603,0.0947045087814331,0.16814081370830536
26,1.3835939566294353,0.07623467594385147,0.16814081370830536
27,1.3295279741287231,0.1208479255437851,0.16814081370830536
28,1.2738174200057983,0.1312762349843979,0.16814081370830536
29,1.2283674875895183,0.13435177505016327,0.16814081370830536
30,1.1710588137308757,0.07846743613481522,0.16814081370830536
31,1.1440751949946086,0.20051802694797516,0.20051802694797516
32,1.1054083108901978,0.17685073614120483,0.20051802694797516
33,1.0512631734212239,0.17288540303707123,0.20051802694797516
34,1.0134451587994893,0.25481292605400085,0.25481292605400085
35,0.9780392646789551,0.13365937769412994,0.25481292605400085
36,0.9315722982088724,0.34672266244888306,0.34672266244888306
37,0.8983119527498881,0.25945141911506653,0.34672266244888306
38,0.8596321145693461,0.20270031690597534,0.34672266244888306
39,0.8223654826482137,0.24629263579845428,0.34672266244888306
40,0.7960366805394491,0.294112890958786,0.34672266244888306
41,0.7615462342898051,0.2091183066368103,0.34672266244888306
42,0.7290514508883158,0.25794318318367004,0.34672266244888306
43,0.6938445766766866,0.2152821123600006,0.34672266244888306
44,0.6623436808586121,0.23787739872932434,0.34672266244888306
45,0.6435381968816122,0.38995248079299927,0.38995248079299927
46,0.6187445322672526,0.2880454361438751,0.38995248079299927
47,0.5824920336405436,0.22249959409236908,0.38995248079299927
48,0.5616457859675089,0.2774771749973297,0.38995248079299927
49,0.5405346353848776,0.3147517740726471,0.38995248079299927
50,0.5066437919934591,0.22382080554962158,0.38995248079299927
51,0.48593254884084064,0.3409009575843811,0.38995248079299927
52,0.4700028697649638,0.3841633200645447,0.38995248079299927
53,0.44634490211804706,0.5239223837852478,0.5239223837852478
54,0.4228508075078328,0.4168672263622284,0.5239223837852478
55,0.4164747893810272,0.43694958090782166,0.5239223837852478
56,0.39501216014226276,0.28635263442993164,0.5239223837852478
57,0.3759302794933319,0.35136958956718445,0.5239223837852478
58,0.3559480905532837,0.42810025811195374,0.5239223837852478
59,0.3521546224753062,0.3708205819129944,0.5239223837852478
60,0.3315190076828003,0.31354448199272156,0.5239223837852478
61,0.30966968337694806,0.35465091466903687,0.5239223837852478
62,0.30663089950879413,0.39130425453186035,0.5239223837852478
63,0.29846271872520447,0.5048431158065796,0.5239223837852478
64,0.2847516934076945,0.45847055315971375,0.5239223837852478
65,0.267389436562856,0.5398930907249451,0.5398930907249451
66,0.2604181965192159,0.3468332290649414,0.5398930907249451
67,0.25447969635327655,0.40450191497802734,0.5398930907249451
68,0.2391491780678431,0.5339211821556091,0.5398930907249451
69,0.22649836540222168,0.4003109931945801,0.5398930907249451
70,0.22269365191459656,0.47078755497932434,0.5398930907249451
71,0.21729805072148642,0.30097922682762146,0.5398930907249451
72,0.2046474019686381,0.47516000270843506,0.5398930907249451
73,0.1952704737583796,0.5324757695198059,0.5398930907249451
74,0.19492427508036295,0.5327296257019043,0.5398930907249451
75,0.1958467811346054,0.4994368255138397,0.5398930907249451
76,0.17994332810242972,0.38140881061553955,0.5398930907249451
77,0.17155390481154123,0.5306069850921631,0.5398930907249451
78,0.16585618754227957,0.4961127042770386,0.5398930907249451
79,0.16174987455209097,0.4300376772880554,0.5398930907249451
80,0.15713553627332053,0.42697077989578247,0.5398930907249451
81,0.15776744981606802,0.5316217541694641,0.5398930907249451
82,0.1501674254735311,0.41037237644195557,0.5398930907249451
83,0.14221853017807007,0.5476405024528503,0.5476405024528503
84,0.1410609930753708,0.5704867839813232,0.5704867839813232
85,0.131400336821874,0.6879764199256897,0.6879764199256897
86,0.13650973637898764,0.4859277606010437,0.6879764199256897
87,0.12974365800619125,0.5547294020652771,0.6879764199256897
88,0.1226307675242424,0.45038846135139465,0.6879764199256897
89,0.11790079375108083,0.5391200184822083,0.6879764199256897
90,0.11588212599356969,0.5494823455810547,0.6879764199256897
91,0.11056683957576752,0.5823012590408325,0.6879764199256897
92,0.10915794223546982,0.5133053064346313,0.6879764199256897
93,0.10662373652060826,0.5325331687927246,0.6879764199256897
94,0.10047742972771327,0.4920267164707184,0.6879764199256897
95,0.1002458781003952,0.5613594055175781,0.6879764199256897
96,0.09899413834015529,0.5194827318191528,0.6879764199256897
97,0.09579116602738698,0.604534924030304,0.6879764199256897
98,0.09194435179233551,0.49283432960510254,0.6879764199256897
99,0.09160926441351573,0.5512438416481018,0.6879764199256897
100,0.08939324567715327,0.42691999673843384,0.6879764199256897
