1,4.945494651794434,0.0,0
2,4.257778962453206,0.0,0
3,3.753346045811971,0.0,0
4,3.370503584543864,0.0,0
5,3.09608260790507,0.0,0
6,2.917513052622477,0.0,0
7,2.7472824255625405,0.0,0
8,2.5926751295725503,0.0,0
9,2.47259259223938,0.0,0
10,2.373654762903849,0.0,0
11,2.2402946949005127,0.0,0
12,2.163655916849772,0.09075649065026435,0.09075649065026435
13,2.078059991200765,0.0,0.09075649065026435
14,1.99018661181132,0.0,0.09075649065026435
15,1.913448413213094,0.0,0.09075649065026435
16,1.8319511810938518,0.10844332724809647,0.10844332724809647
17,1.7819939851760864,0.10867445915937424,0.10867445915937424
18,1.7004943291346233,0.0794404000043869,0.10867445915937424
19,1.6569166978200276,0.10773402452468872,0.10867445915937424
20,1.5846262375513713,0.08410970121622086,0.10867445915937424
21,1.5203425884246826,0.07640918344259262,0.10867445915937424
22,1.4611186583836873,0.12248090654611588,0.12248090654611588
23,1.4220065275828044,0.129836305975914,0.129836305975914
24,1.3551190694173176,0.11429717391729355,0.129836305975914
25,1.2995551029841106,0.09658712148666382,0.129836305975914
26,1.253458579381307,0.16107682883739471,0.16107682883739471
27,1.1929290294647217,0.1602480262517929,0.16107682883739471
28,1.1529176632563274,0.24184073507785797,0.24184073507785797
29,1.113686164220174,0.09932693094015121,0.24184073507785797
30,1.0484195550282795,0.23051440715789795,0.24184073507785797
31,1.0246822039286296,0.23085403442382812,0.24184073507785797
32,0.9781548778216044,0.30860966444015503,0.30860966444015503
33,0.9282957911491394,0.1989148110151291,0.30860966444015503
34,0.8980046908060709,0.22026804089546204,0.30860966444015503
35,0.860129197438558,0.341453492641449,0.341453492641449
36,0.8125320076942444,0.40088221430778503,0.40088221430778503
37,0.7780637939771017,0.39346545934677124,0.40088221430778503
38,0.735789974530538,0.3206658959388733,0.40088221430778503
39,0.704162577788035,0.3257753252983093,0.40088221430778503
40,0.6721453070640564,0.3680351674556732,0.40088221430778503
41,0.6413553953170776,0.39222878217697144,0.40088221430778503
42,0.6275622646013895,0.5843815803527832,0.5843815803527832
43,0.5875066121419271,0.5537340044975281,0.5843815803527832
44,0.5470749934514364,0.322968453168869,0.5843815803527832
45,0.5250454246997833,0.49205702543258667,0.5843815803527832
46,0.513234555721283,0.5441839694976807,0.5843815803527832
47,0.4816713333129883,0.43199798464775085,0.5843815803527832
48,0.4630410671234131,0.4855683147907257,0.5843815803527832
49,0.42407328883806866,0.4583434462547302,0.5843815803527832
50,0.41543230414390564,0.2936767041683197,0.5843815803527832
51,0.39969579378763836,0.368840754032135,0.5843815803527832
52,0.36752037207285565,0.5243197083473206,0.5843815803527832
53,0.3543473780155182,0.37907925248146057,0.5843815803527832
54,0.3377557595570882,0.557925820350647,0.5843815803527832
55,0.3282000223795573,0.5304734110832214,0.5843815803527832
56,0.31438453992207843,0.44443753361701965,0.5843815803527832
57,0.2992412845293681,0.5110535621643066,0.5843815803527832
58,0.2820745607217153,0.5367670655250549,0.5843815803527832
59,0.26946305235226947,0.5979544520378113,0.5979544520378113
60,0.25573060909907025,0.3691108226776123,0.5979544520378113
61,0.24794420103232065,0.5112645030021667,0.5979544520378113
62,0.2422902137041092,0.510356605052948,0.5979544520378113
63,0.2301879028479258,0.44844377040863037,0.5979544520378113
64,0.22043353815873465,0.5402283668518066,0.5979544520378113
65,0.20512918134530386,0.4789687693119049,0.5979544520378113
66,0.19849549233913422,0.4919171929359436,0.5979544520378113
67,0.19742783407370249,0.5952906012535095,0.5979544520378113
68,0.18452060222625732,0.5502923727035522,0.5979544520378113
69,0.18367076913515726,0.5987635254859924,0.5987635254859924
70,0.1668172429005305,0.5912131667137146,0.5987635254859924
71,0.16508173445860544,0.5767011642456055,0.5987635254859924
72,0.16027789314587912,0.4733777642250061,0.5987635254859924
73,0.15323790907859802,0.7273022532463074,0.7273022532463074
74,0.14578796923160553,0.6153693199157715,0.7273022532463074
75,0.1415124237537384,0.6336178183555603,0.7273022532463074
76,0.1367101420958837,0.6012920141220093,0.7273022532463074
77,0.13381456832091013,0.6138063073158264,0.7273022532463074
78,0.13222883145014444,0.5845394134521484,0.7273022532463074
79,0.12495058278242747,0.593833863735199,0.7273022532463074
80,0.12749296178420386,0.5322438478469849,0.7273022532463074
81,0.11971012751261394,0.5511719584465027,0.7273022532463074
82,0.11533646285533905,0.5808863043785095,0.7273022532463074
83,0.11175206551949184,0.5809838771820068,0.7273022532463074
84,0.10732335845629375,0.6044423580169678,0.7273022532463074
85,0.1054320087035497,0.5834004878997803,0.7273022532463074
86,0.10121995955705643,0.5834724307060242,0.7273022532463074
87,0.1000346764922142,0.6186361908912659,0.7273022532463074
88,0.09476460268100102,0.6162042021751404,0.7273022532463074
89,0.09442715346813202,0.703827440738678,0.7273022532463074
90,0.09167980154355367,0.5495058298110962,0.7273022532463074
91,0.088973102470239,0.46655693650245667,0.7273022532463074
92,0.08578137805064519,0.6417723298072815,0.7273022532463074
93,0.08756978313128154,0.45553895831108093,0.7273022532463074
94,0.08551048735777537,0.5241613388061523,0.7273022532463074
95,0.08001985649267833,0.6039343476295471,0.7273022532463074
96,0.07775095601876576,0.4896925985813141,0.7273022532463074
97,0.07890794674555461,0.4509062170982361,0.7273022532463074
98,0.07346616437037785,0.5627674460411072,0.7273022532463074
99,0.07048525661230087,0.5484375357627869,0.7273022532463074
100,0.0739168996612231,0.48444974422454834,0.7273022532463074
