1,7.255425810813904,0.0,0
2,6.048515558242798,0.0,0
3,4.981167674064636,0.0,0
4,4.2942564487457275,0.0,0
5,3.825775444507599,0.0,0
6,3.4382680654525757,0.0,0
7,3.125814914703369,0.0,0
8,2.871821701526642,0.0,0
9,2.6741291284561157,0.0,0
10,2.5129072070121765,0.0,0
11,2.386088788509369,0.0,0
12,2.283146381378174,0.0,0
13,2.196401536464691,0.0,0
14,2.127397060394287,0.0,0
15,2.0595774352550507,0.0,0
16,1.9930963218212128,0.0,0
17,1.930927187204361,0.0,0
18,1.880416601896286,0.0,0
19,1.8232315480709076,0.0,0
20,1.771141916513443,0.0,0
21,1.716340035200119,0.0,0
22,1.673026829957962,0.0,0
23,1.6213364005088806,0.0,0
24,1.5710547715425491,0.0,0
25,1.5269115567207336,0.0,0
26,1.484013631939888,0.0,0
27,1.4416511803865433,0.0,0
28,1.4007275104522705,0.0,0
29,1.3615266382694244,0.0,0
30,1.32291479408741,0.0,0
31,1.2815170288085938,0.0,0
32,1.2426708042621613,0.0,0
33,1.2144803702831268,0.0,0
34,1.1783392205834389,0.0,0
35,1.1453061252832413,0.0,0
36,1.1097920686006546,0.0,0
37,1.0800960883498192,0.0,0
38,1.050431877374649,0.0,0
39,1.0171628445386887,0.0,0
40,0.9888552203774452,0.0,0
41,0.9599625021219254,0.0,0
42,0.9313246160745621,0.0,0
43,0.9006490409374237,0.0,0
44,0.8778451010584831,0.04566004499793053,0.04566004499793053
45,0.8489072546362877,0.0,0.04566004499793053
46,0.8218977600336075,0.0,0.04566004499793053
47,0.7991994321346283,0.0,0.04566004499793053
48,0.7716422230005264,0.0,0.04566004499793053
49,0.7478848248720169,0.0,0.04566004499793053
50,0.7220223024487495,0.0,0.04566004499793053
51,0.7002575099468231,0.0,0.04566004499793053
52,0.6782139241695404,0.0,0.04566004499793053
53,0.6587527059018612,0.0947098359465599,0.0947098359465599
54,0.6428789049386978,0.0,0.0947098359465599
55,0.6172271594405174,0.0,0.0947098359465599
56,0.6001849956810474,0.0,0.0947098359465599
57,0.5808032974600792,0.0,0.0947098359465599
58,0.5640522129833698,0.0,0.0947098359465599
59,0.5490725338459015,0.0,0.0947098359465599
60,0.5330270007252693,0.0,0.0947098359465599
61,0.516574215143919,0.0,0.0947098359465599
62,0.5062801018357277,0.0,0.0947098359465599
63,0.48891564831137657,0.0,0.0947098359465599
64,0.4746876284480095,0.0,0.0947098359465599
65,0.4643855541944504,0.06606506556272507,0.0947098359465599
66,0.4476406052708626,0.0,0.0947098359465599
67,0.43989425525069237,0.0,0.0947098359465599
68,0.4309037122875452,0.06289791315793991,0.0947098359465599
69,0.41604115441441536,0.0,0.0947098359465599
70,0.4060933105647564,0.0,0.0947098359465599
71,0.39511300064623356,0.046275679022073746,0.0947098359465599
72,0.38583963736891747,0.06181174889206886,0.0947098359465599
73,0.37459738180041313,0.05860850587487221,0.0947098359465599
74,0.3653517123311758,0.0,0.0947098359465599
75,0.3569722454994917,0.0,0.0947098359465599
76,0.34730464592576027,0.06896338611841202,0.0947098359465599
77,0.3375843819230795,0.0,0.0947098359465599
78,0.33021045103669167,0.09410447627305984,0.0947098359465599
79,0.3228115700185299,0.0,0.0947098359465599
80,0.31367512606084347,0.0,0.0947098359465599
81,0.308135986328125,0.0,0.0947098359465599
82,0.29820539243519306,0.06707625091075897,0.0947098359465599
83,0.29167329519987106,0.0,0.0947098359465599
84,0.28566281124949455,0.09042392671108246,0.0947098359465599
85,0.2775587346404791,0.0,0.0947098359465599
86,0.2712023304775357,0.0,0.0947098359465599
87,0.26257144939154387,0.09403537213802338,0.0947098359465599
88,0.26077357307076454,0.1649743914604187,0.1649743914604187
89,0.25112788565456867,0.0,0.1649743914604187
90,0.24347174633294344,0.0,0.1649743914604187
91,0.2382262097671628,0.0,0.1649743914604187
92,0.23243541456758976,0.07072576880455017,0.1649743914604187
93,0.22673317790031433,0.0,0.1649743914604187
94,0.22172521706670523,0.06692475080490112,0.1649743914604187
95,0.21557541843503714,0.187478169798851,0.187478169798851
96,0.20880777202546597,0.0,0.187478169798851
97,0.20460526831448078,0.0,0.187478169798851
98,0.19764230400323868,0.09393780678510666,0.187478169798851
99,0.19425100460648537,0.0,0.187478169798851
100,0.18919867929071188,0.0,0.187478169798851
