1,5.000615119934082,0.0,0
2,4.722476959228516,0.0,0
3,4.421308994293213,0.0,0
4,4.118326187133789,0.0,0
5,3.799525260925293,0.0,0
6,3.6195015907287598,0.0,0
7,3.425708532333374,0.0,0
8,3.251645803451538,0.0,0
9,3.0235018730163574,0.0,0
10,2.8207366466522217,0.0,0
11,2.6523401737213135,0.0,0
12,2.4809322357177734,0.0,0
13,2.3932056427001953,0.0,0
14,2.2531957626342773,0.0,0
15,2.1189794540405273,0.02729128859937191,0.02729128859937191
16,2.006649971008301,0.0,0.02729128859937191
17,1.9237533807754517,0.09499659389257431,0.09499659389257431
18,1.8494566679000854,0.0,0.09499659389257431
19,1.717700481414795,0.0,0.09499659389257431
20,1.6639350652694702,0.0,0.09499659389257431
21,1.5448805093765259,0.04523821547627449,0.09499659389257431
22,1.482359766960144,0.0,0.09499659389257431
23,1.397158145904541,0.0,0.09499659389257431
24,1.3578016757965088,0.0,0.09499659389257431
25,1.2621750831604004,0.0,0.09499659389257431
26,1.1728686094284058,0.0,0.09499659389257431
27,1.1110550165176392,0.0,0.09499659389257431
28,1.0529675483703613,0.08772258460521698,0.09499659389257431
29,1.0034472942352295,0.050267551094293594,0.09499659389257431
30,0.9435962438583374,0.0,0.09499659389257431
31,0.8801873922348022,0.06296130269765854,0.09499659389257431
32,0.8541406989097595,0.0,0.09499659389257431
33,0.8313389420509338,0.11438462883234024,0.11438462883234024
34,0.7528689503669739,0.0,0.11438462883234024
35,0.7327482104301453,0.06800715625286102,0.11438462883234024
36,0.6980726718902588,0.17790378630161285,0.17790378630161285
37,0.6692366600036621,0.07225078344345093,0.17790378630161285
38,0.6198103427886963,0.09935799986124039,0.17790378630161285
39,0.5849561095237732,0.105506531894207,0.17790378630161285
40,0.5534073114395142,0.0,0.17790378630161285
41,0.5229693651199341,0.0,0.17790378630161285
42,0.5059968829154968,0.050336699932813644,0.17790378630161285
43,0.49741676449775696,0.11574313789606094,0.17790378630161285
44,0.45064204931259155,0.0555499903857708,0.17790378630161285
45,0.4305168390274048,0.0,0.17790378630161285
46,0.40425288677215576,0.0,0.17790378630161285
47,0.4044927954673767,0.08317973464727402,0.17790378630161285
48,0.3886893093585968,0.17869693040847778,0.17869693040847778
49,0.35431042313575745,0.05398717522621155,0.17869693040847778
50,0.3428761959075928,0.06583328545093536,0.17869693040847778
51,0.33856257796287537,0.0,0.17869693040847778
52,0.3107430934906006,0.09044841676950455,0.17869693040847778
53,0.30441218614578247,0.07483888417482376,0.17869693040847778
54,0.2861415147781372,0.0,0.17869693040847778
55,0.2711400091648102,0.05008389800786972,0.17869693040847778
56,0.27464333176612854,0.0,0.17869693040847778
57,0.24980857968330383,0.05682309716939926,0.17869693040847778
58,0.24332644045352936,0.0,0.17869693040847778
59,0.22806182503700256,0.0,0.17869693040847778
60,0.22050932049751282,0.10706591606140137,0.17869693040847778
61,0.22002790868282318,0.0,0.17869693040847778
62,0.21247243881225586,0.0,0.17869693040847778
63,0.20224498212337494,0.10769206285476685,0.17869693040847778
64,0.19227047264575958,0.0826086699962616,0.17869693040847778
65,0.18802040815353394,0.0,0.17869693040847778
66,0.1798575222492218,0.17474336922168732,0.17869693040847778
67,0.1630474328994751,0.06169266998767853,0.17869693040847778
68,0.16668154299259186,0.0,0.17869693040847778
69,0.1617603451013565,0.0,0.17869693040847778
70,0.1610083132982254,0.06875595450401306,0.17869693040847778
71,0.1441648155450821,0.16662058234214783,0.17869693040847778
72,0.14291004836559296,0.0,0.17869693040847778
73,0.14286522567272186,0.0,0.17869693040847778
74,0.13877062499523163,0.13516496121883392,0.17869693040847778
75,0.1327648162841797,0.0,0.17869693040847778
76,0.12754316627979279,0.09175397455692291,0.17869693040847778
77,0.12292127311229706,0.09764405339956284,0.17869693040847778
78,0.1175902783870697,0.10013799369335175,0.17869693040847778
79,0.11315768212080002,0.0,0.17869693040847778
80,0.1118013858795166,0.18917715549468994,0.18917715549468994
81,0.11231721192598343,0.0698813870549202,0.18917715549468994
82,0.10961925238370895,0.037999894469976425,0.18917715549468994
83,0.10504255443811417,0.0,0.18917715549468994
84,0.10342352092266083,0.09410449862480164,0.18917715549468994
85,0.09979694336652756,0.16275037825107574,0.18917715549468994
86,0.09726332873106003,0.0,0.18917715549468994
87,0.09140617400407791,0.10656518489122391,0.18917715549468994
88,0.09668084979057312,0.09853636473417282,0.18917715549468994
89,0.0939161479473114,0.0,0.18917715549468994
90,0.08889984339475632,0.18300987780094147,0.18917715549468994
91,0.08639658242464066,0.0,0.18917715549468994
92,0.08572690933942795,0.07163655012845993,0.18917715549468994
93,0.08045508712530136,0.04045533761382103,0.18917715549468994
94,0.0771971046924591,0.09002435207366943,0.18917715549468994
95,0.07909931987524033,0.0,0.18917715549468994
96,0.07560636848211288,0.0,0.18917715549468994
97,0.07447829842567444,0.0,0.18917715549468994
98,0.0719698891043663,0.10373498499393463,0.18917715549468994
99,0.070728600025177,0.040166664868593216,0.18917715549468994
100,0.07105867564678192,0.0,0.18917715549468994
