1,5.48166561126709,0.0,0
2,5.047872543334961,0.0,0
3,4.7941741943359375,0.0,0
4,4.477819442749023,0.0,0
5,4.178731918334961,0.0,0
6,3.958150625228882,0.0,0
7,3.714833974838257,0.0,0
8,3.546158790588379,0.0,0
9,3.28170108795166,0.0,0
10,3.144056797027588,0.0,0
11,2.9285433292388916,0.0,0
12,2.778573989868164,0.0,0
13,2.652719736099243,0.0,0
14,2.4352004528045654,0.0,0
15,2.3574516773223877,0.06494010239839554,0.06494010239839554
16,2.148587226867676,0.06926308572292328,0.06926308572292328
17,2.0340497493743896,0.0,0.06926308572292328
18,1.9690099954605103,0.09811174869537354,0.09811174869537354
19,1.8307133913040161,0.0,0.09811174869537354
20,1.7659356594085693,0.049152836203575134,0.09811174869537354
21,1.6771674156188965,0.0,0.09811174869537354
22,1.5412864685058594,0.0,0.09811174869537354
23,1.4585500955581665,0.0,0.09811174869537354
24,1.362807273864746,0.03160181641578674,0.09811174869537354
25,1.2719640731811523,0.0,0.09811174869537354
26,1.207459807395935,0.07117868214845657,0.09811174869537354
27,1.158892273902893,0.08470214903354645,0.09811174869537354
28,1.0844961404800415,0.06868842989206314,0.09811174869537354
29,1.010473608970642,0.0,0.09811174869537354
30,0.944983720779419,0.08647463470697403,0.09811174869537354
31,0.916064441204071,0.0,0.09811174869537354
32,0.8674709796905518,0.04928288981318474,0.09811174869537354
33,0.8150211572647095,0.0,0.09811174869537354
34,0.7919890880584717,0.13142579793930054,0.13142579793930054
35,0.7266461253166199,0.046924691647291183,0.13142579793930054
36,0.7071500420570374,0.08643275499343872,0.13142579793930054
37,0.6323451399803162,0.04476844519376755,0.13142579793930054
38,0.6209800243377686,0.04865454509854317,0.13142579793930054
39,0.5676771998405457,0.043278295546770096,0.13142579793930054
40,0.5498825907707214,0.08650090545415878,0.13142579793930054
41,0.5242559909820557,0.10262670367956161,0.13142579793930054
42,0.4886733889579773,0.06941517442464828,0.13142579793930054
43,0.4854019582271576,0.04835214838385582,0.13142579793930054
44,0.4623849391937256,0.12534929811954498,0.13142579793930054
45,0.4090725779533386,0.08829531818628311,0.13142579793930054
46,0.3994167447090149,0.06875363737344742,0.13142579793930054
47,0.3898428976535797,0.11627371609210968,0.13142579793930054
48,0.3642866015434265,0.059198446571826935,0.13142579793930054
49,0.33648136258125305,0.04764176532626152,0.13142579793930054
50,0.3289625644683838,0.1734813004732132,0.1734813004732132
51,0.3123670220375061,0.1466914266347885,0.1734813004732132
52,0.2950610816478729,0.053363461047410965,0.1734813004732132
53,0.28432026505470276,0.048002149909734726,0.1734813004732132
54,0.26860475540161133,0.06440889090299606,0.1734813004732132
55,0.2576359212398529,0.15177610516548157,0.1734813004732132
56,0.2540838122367859,0.1927313208580017,0.1927313208580017
57,0.2445775419473648,0.109430693089962,0.1927313208580017
58,0.2356044352054596,0.05241134390234947,0.1927313208580017
59,0.22390127182006836,0.04040021076798439,0.1927313208580017
60,0.20536920428276062,0.10484475642442703,0.1927313208580017
61,0.201295867562294,0.07333637773990631,0.1927313208580017
62,0.196745827794075,0.08434604108333588,0.1927313208580017
63,0.18685027956962585,0.0797695592045784,0.1927313208580017
64,0.17339013516902924,0.1498677283525467,0.1927313208580017
65,0.17012518644332886,0.0,0.1927313208580017
66,0.16665120422840118,0.0,0.1927313208580017
67,0.1571720987558365,0.10581300407648087,0.1927313208580017
68,0.14632593095302582,0.05681942403316498,0.1927313208580017
69,0.15682105720043182,0.1325039267539978,0.1927313208580017
70,0.13987168669700623,0.0,0.1927313208580017
71,0.13808377087116241,0.25704362988471985,0.25704362988471985
72,0.12810522317886353,0.12386347353458405,0.25704362988471985
73,0.13155856728553772,0.16656355559825897,0.25704362988471985
74,0.12573839724063873,0.08576783537864685,0.25704362988471985
75,0.11316783726215363,0.10585968941450119,0.25704362988471985
76,0.11694213002920151,0.047766488045454025,0.25704362988471985
77,0.10907614976167679,0.0,0.25704362988471985
78,0.10715723037719727,0.039003703743219376,0.25704362988471985
79,0.10473374277353287,0.0,0.25704362988471985
80,0.10176252573728561,0.0713885948061943,0.25704362988471985
81,0.10169188678264618,0.07476744055747986,0.25704362988471985
82,0.09493399411439896,0.0,0.25704362988471985
83,0.09452980011701584,0.0,0.25704362988471985
84,0.08974312990903854,0.11552639305591583,0.25704362988471985
85,0.08844392001628876,0.0834452211856842,0.25704362988471985
86,0.08681310713291168,0.059523776173591614,0.25704362988471985
87,0.08906617015600204,0.06822487711906433,0.25704362988471985
88,0.08213607966899872,0.07753369957208633,0.25704362988471985
89,0.08053077012300491,0.0,0.25704362988471985
90,0.07875433564186096,0.08559112250804901,0.25704362988471985
91,0.08338180184364319,0.0,0.25704362988471985
92,0.07682448625564575,0.048097748309373856,0.25704362988471985
93,0.07715840637683868,0.049352016299963,0.25704362988471985
94,0.07234761863946915,0.1355692446231842,0.25704362988471985
95,0.07159890234470367,0.0,0.25704362988471985
96,0.07033400237560272,0.11869346350431442,0.25704362988471985
97,0.06964602321386337,0.12518055737018585,0.25704362988471985
98,0.06515762209892273,0.1656087338924408,0.25704362988471985
99,0.0669449120759964,0.0760585367679596,0.25704362988471985
100,0.06497561186552048,0.1129259318113327,0.25704362988471985
