1,5.297162055969238,0.0,0
2,5.102386951446533,0.0,0
3,4.695034503936768,0.0,0
4,4.402749538421631,0.0,0
5,4.174088954925537,0.0,0
6,3.86958646774292,0.0,0
7,3.726283073425293,0.0,0
8,3.478893995285034,0.0,0
9,3.307126045227051,0.0,0
10,3.1412770748138428,0.0,0
11,2.9880003929138184,0.0,0
12,2.8780829906463623,0.0,0
13,2.732835292816162,0.0,0
14,2.585193395614624,0.0,0
15,2.4412221908569336,0.0376676544547081,0.0376676544547081
16,2.343062162399292,0.03188518434762955,0.0376676544547081
17,2.2434964179992676,0.0,0.0376676544547081
18,2.1014292240142822,0.0,0.0376676544547081
19,2.040154218673706,0.0,0.0376676544547081
20,1.880143642425537,0.03225960582494736,0.0376676544547081
21,1.8575239181518555,0.0,0.0376676544547081
22,1.7372794151306152,0.0,0.0376676544547081
23,1.6230708360671997,0.045333921909332275,0.045333921909332275
24,1.547390341758728,0.0325901135802269,0.045333921909332275
25,1.4526031017303467,0.059178706258535385,0.059178706258535385
26,1.397289752960205,0.04567437246441841,0.059178706258535385
27,1.317397117614746,0.05844356119632721,0.059178706258535385
28,1.2191264629364014,0.0,0.059178706258535385
29,1.1660008430480957,0.03961964324116707,0.059178706258535385
30,1.1493462324142456,0.03693236783146858,0.059178706258535385
31,1.0871587991714478,0.04879334196448326,0.059178706258535385
32,1.0129151344299316,0.0,0.059178706258535385
33,0.9509249329566956,0.03061438724398613,0.059178706258535385
34,0.8845884203910828,0.09014611691236496,0.09014611691236496
35,0.8202435374259949,0.06717028468847275,0.09014611691236496
36,0.7758971452713013,0.0,0.09014611691236496
37,0.7420344352722168,0.12097170948982239,0.12097170948982239
38,0.718259334564209,0.05186004936695099,0.12097170948982239
39,0.6830517053604126,0.06386932730674744,0.12097170948982239
40,0.6315568685531616,0.07250009477138519,0.12097170948982239
41,0.5824490785598755,0.0945657268166542,0.12097170948982239
42,0.5542098879814148,0.0854921042919159,0.12097170948982239
43,0.5017292499542236,0.08664341270923615,0.12097170948982239
44,0.48310792446136475,0.0,0.12097170948982239
45,0.4887440502643585,0.12435145676136017,0.12435145676136017
46,0.4452260136604309,0.0,0.12435145676136017
47,0.4143790304660797,0.030141392722725868,0.12435145676136017
48,0.39270713925361633,0.04710886627435684,0.12435145676136017
49,0.3803268074989319,0.061150215566158295,0.12435145676136017
50,0.3642040491104126,0.09987343102693558,0.12435145676136017
51,0.34262847900390625,0.07470175623893738,0.12435145676136017
52,0.3146134614944458,0.052329372614622116,0.12435145676136017
53,0.32206881046295166,0.0,0.12435145676136017
54,0.28942549228668213,0.0,0.12435145676136017
55,0.2801905870437622,0.1300748884677887,0.1300748884677887
56,0.2662128806114197,0.1028803139925003,0.1300748884677887
57,0.2547571361064911,0.0823679268360138,0.1300748884677887
58,0.24438218772411346,0.052836984395980835,0.1300748884677887
59,0.23528172075748444,0.03925515338778496,0.1300748884677887
60,0.22667637467384338,0.07640393823385239,0.1300748884677887
61,0.20467160642147064,0.0,0.1300748884677887
62,0.20109564065933228,0.1374708116054535,0.1374708116054535
63,0.19121655821800232,0.1338527500629425,0.1374708116054535
64,0.18503406643867493,0.0602722093462944,0.1374708116054535
65,0.17734675109386444,0.06289438903331757,0.1374708116054535
66,0.17440778017044067,0.11864776909351349,0.1374708116054535
67,0.163554385304451,0.13559754192829132,0.1374708116054535
68,0.15724363923072815,0.152671679854393,0.152671679854393
69,0.156985804438591,0.12790176272392273,0.152671679854393
70,0.15152858197689056,0.14071457087993622,0.152671679854393
71,0.14765620231628418,0.039987657219171524,0.152671679854393
72,0.14746278524398804,0.1434665024280548,0.152671679854393
73,0.14939866960048676,0.09599871188402176,0.152671679854393
74,0.1301935911178589,0.1431811898946762,0.152671679854393
75,0.12353145331144333,0.13099728524684906,0.152671679854393
76,0.12523238360881805,0.0946311503648758,0.152671679854393
77,0.124033123254776,0.0596945621073246,0.152671679854393
78,0.11971405148506165,0.0,0.152671679854393
79,0.11169635504484177,0.06756068021059036,0.152671679854393
80,0.10864641517400742,0.04066985473036766,0.152671679854393
81,0.11054155230522156,0.09270086884498596,0.152671679854393
82,0.10534453392028809,0.10266830772161484,0.152671679854393
83,0.09928107261657715,0.0,0.152671679854393
84,0.10452649742364883,0.06584121286869049,0.152671679854393
85,0.09845467656850815,0.05859065055847168,0.152671679854393
86,0.09564734250307083,0.04707455635070801,0.152671679854393
87,0.09053469449281693,0.050882622599601746,0.152671679854393
88,0.08821862190961838,0.08962245285511017,0.152671679854393
89,0.09329531341791153,0.12219343334436417,0.152671679854393
90,0.08760502934455872,0.05948188528418541,0.152671679854393
91,0.08313502371311188,0.0,0.152671679854393
92,0.0809246078133583,0.10790885984897614,0.152671679854393
93,0.08401419967412949,0.04261888936161995,0.152671679854393
94,0.08121395111083984,0.16079841554164886,0.16079841554164886
95,0.07851026952266693,0.04441892355680466,0.16079841554164886
96,0.07903893291950226,0.10924407094717026,0.16079841554164886
97,0.07461180537939072,0.061844974756240845,0.16079841554164886
98,0.08126622438430786,0.11869349330663681,0.16079841554164886
99,0.07303479313850403,0.10687471181154251,0.16079841554164886
100,0.06974069774150848,0.034187521785497665,0.16079841554164886
