1,5.059549013773601,0.0,0
2,4.336269378662109,0.0,0
3,3.808301051457723,0.0,0
4,3.4359689553578696,0.0,0
5,3.1539315382639566,0.0,0
6,2.947929302851359,0.0,0
7,2.781550168991089,0.0,0
8,2.62015438079834,0.0,0
9,2.4883857568105063,0.0,0
10,2.3924538294474282,0.0,0
11,2.2890384991963706,0.0,0
12,2.2013748486836753,0.0,0
13,2.1208956241607666,0.0,0
14,2.051519513130188,0.0,0
15,1.9607429504394531,0.0,0
16,1.8891677061716716,0.0,0
17,1.8412570556004841,0.10547177493572235,0.10547177493572235
18,1.7802845637003581,0.08368935436010361,0.10547177493572235
19,1.7179193099339802,0.11753043532371521,0.11753043532371521
20,1.6432231664657593,0.07290642708539963,0.11753043532371521
21,1.582300106684367,0.11292916536331177,0.11753043532371521
22,1.5218300422032673,0.1939205527305603,0.1939205527305603
23,1.467977523803711,0.12497308850288391,0.1939205527305603
24,1.4189246495564778,0.15754614770412445,0.1939205527305603
25,1.3544320662816365,0.16301703453063965,0.1939205527305603
26,1.303923487663269,0.2584335505962372,0.2584335505962372
27,1.2643203337987263,0.08931249380111694,0.2584335505962372
28,1.2125887076059978,0.2557353079319,0.2584335505962372
29,1.16716730594635,0.1157444640994072,0.2584335505962372
30,1.1111658016840618,0.20619520545005798,0.2584335505962372
31,1.0754842162132263,0.26713553071022034,0.26713553071022034
32,1.0331913232803345,0.22361327707767487,0.26713553071022034
33,0.9795845150947571,0.1700763702392578,0.26713553071022034
34,0.9379002054532369,0.27506178617477417,0.27506178617477417
35,0.9013223250706991,0.4479508697986603,0.4479508697986603
36,0.8509782950083414,0.4246184527873993,0.4479508697986603
37,0.8214556376139323,0.32446667551994324,0.4479508697986603
38,0.7908046841621399,0.28987380862236023,0.4479508697986603
39,0.7528212666511536,0.3760383427143097,0.4479508697986603
40,0.7165917555491129,0.46693387627601624,0.46693387627601624
41,0.6826730370521545,0.31046241521835327,0.46693387627601624
42,0.6533816655476888,0.2916879653930664,0.46693387627601624
43,0.6253444155057272,0.37864214181900024,0.46693387627601624
44,0.5943324367205302,0.43301111459732056,0.46693387627601624
45,0.5668586691220602,0.49714726209640503,0.49714726209640503
46,0.5330398678779602,0.3932136595249176,0.49714726209640503
47,0.5059092938899994,0.46782127022743225,0.49714726209640503
48,0.4784042040506999,0.4549791216850281,0.49714726209640503
49,0.4570181866486867,0.5298452377319336,0.5298452377319336
50,0.44105401635169983,0.5739967226982117,0.5739967226982117
51,0.4289815127849579,0.5363869667053223,0.5739967226982117
52,0.39651158452033997,0.3220948874950409,0.5739967226982117
53,0.38014906644821167,0.3928285837173462,0.5739967226982117
54,0.37090368072191876,0.5865997672080994,0.5865997672080994
55,0.33662007252375287,0.402306467294693,0.5865997672080994
56,0.33455633123715717,0.5433712601661682,0.5865997672080994
57,0.3123784263928731,0.5710180997848511,0.5865997672080994
58,0.2920701305071513,0.5252373218536377,0.5865997672080994
59,0.2877595474322637,0.49190065264701843,0.5865997672080994
60,0.26830031474431354,0.5773372054100037,0.5865997672080994
61,0.2614246408144633,0.591041088104248,0.591041088104248
62,0.2488524168729782,0.4807834029197693,0.591041088104248
63,0.24477441112200418,0.5462823510169983,0.591041088104248
64,0.23621868590513864,0.6275779008865356,0.6275779008865356
65,0.21606567005316415,0.4440014958381653,0.6275779008865356
66,0.2079059878985087,0.4840255081653595,0.6275779008865356
67,0.195871631304423,0.500547468662262,0.6275779008865356
68,0.18782960871855417,0.49569734930992126,0.6275779008865356
69,0.18214037517706552,0.5346127152442932,0.6275779008865356
70,0.17482289175192514,0.5790253281593323,0.6275779008865356
71,0.16552531719207764,0.47073429822921753,0.6275779008865356
72,0.16263720393180847,0.5214436650276184,0.6275779008865356
73,0.15373807648817697,0.6063480377197266,0.6275779008865356
74,0.1503482162952423,0.5384546518325806,0.6275779008865356
75,0.1527517835299174,0.42291387915611267,0.6275779008865356
76,0.14279283583164215,0.6191720366477966,0.6275779008865356
77,0.1348131000995636,0.551687479019165,0.6275779008865356
78,0.13055522739887238,0.5909392237663269,0.6275779008865356
79,0.12605156501134238,0.5724279284477234,0.6275779008865356
80,0.1225731795032819,0.6037328839302063,0.6275779008865356
81,0.11985696355501811,0.6012012362480164,0.6275779008865356
82,0.11673876146475475,0.534185528755188,0.6275779008865356
83,0.11167403807242711,0.6398881077766418,0.6398881077766418
84,0.10928851366043091,0.5121691226959229,0.6398881077766418
85,0.10540774464607239,0.5696842670440674,0.6398881077766418
86,0.1032376488049825,0.5810679793357849,0.6398881077766418
87,0.09880226105451584,0.5620374083518982,0.6398881077766418
88,0.0946554218729337,0.6270056962966919,0.6398881077766418
89,0.09786994258562724,0.6065500974655151,0.6398881077766418
90,0.09165969739357631,0.5526715517044067,0.6398881077766418
91,0.09044901529947917,0.45078691840171814,0.6398881077766418
92,0.08701688051223755,0.515399694442749,0.6398881077766418
93,0.0831456979115804,0.6352037787437439,0.6398881077766418
94,0.08322795728842418,0.4477982819080353,0.6398881077766418
95,0.07916202644507091,0.5506306290626526,0.6398881077766418
96,0.07925764967997868,0.6531819701194763,0.6531819701194763
97,0.08096824586391449,0.5997323393821716,0.6531819701194763
98,0.07290757695833842,0.5382385849952698,0.6531819701194763
99,0.07346432159344356,0.584194540977478,0.6531819701194763
100,0.07264240086078644,0.5781350135803223,0.6531819701194763
