1,5.143293380737305,0.0,0
2,4.892795562744141,0.0,0
3,4.553434371948242,0.0,0
4,4.268019199371338,0.0,0
5,4.040849208831787,0.0,0
6,3.841970205307007,0.0,0
7,3.5867693424224854,0.0,0
8,3.396606206893921,0.0,0
9,3.2725870609283447,0.0,0
10,3.0731940269470215,0.0,0
11,2.940566301345825,0.0,0
12,2.805471897125244,0.0,0
13,2.674330949783325,0.04852161556482315,0.04852161556482315
14,2.5450327396392822,0.0,0.04852161556482315
15,2.4204022884368896,0.0245509073138237,0.04852161556482315
16,2.336414098739624,0.07198525220155716,0.07198525220155716
17,2.2545065879821777,0.05159624665975571,0.07198525220155716
18,2.1844091415405273,0.04570662975311279,0.07198525220155716
19,2.048967123031616,0.1311180740594864,0.1311180740594864
20,1.9973258972167969,0.07721154391765594,0.1311180740594864
21,1.8784856796264648,0.10483985394239426,0.1311180740594864
22,1.7947715520858765,0.0,0.1311180740594864
23,1.7451854944229126,0.0,0.1311180740594864
24,1.6309014558792114,0.035400766879320145,0.1311180740594864
25,1.5868487358093262,0.0,0.1311180740594864
26,1.55613112449646,0.17944291234016418,0.17944291234016418
27,1.4423774480819702,0.0,0.17944291234016418
28,1.3753379583358765,0.08096775412559509,0.17944291234016418
29,1.3350579738616943,0.10416100174188614,0.17944291234016418
30,1.238052248954773,0.11382177472114563,0.17944291234016418
31,1.242738962173462,0.10205666720867157,0.17944291234016418
32,1.1206064224243164,0.22927507758140564,0.22927507758140564
33,1.0991871356964111,0.0,0.22927507758140564
34,1.0242847204208374,0.10897704213857651,0.22927507758140564
35,0.9767835736274719,0.05798371508717537,0.22927507758140564
36,0.9202706217765808,0.0,0.22927507758140564
37,0.8858219981193542,0.25217464566230774,0.25217464566230774
38,0.8478426933288574,0.0,0.25217464566230774
39,0.8365898728370667,0.1612159013748169,0.25217464566230774
40,0.7847089171409607,0.0,0.25217464566230774
41,0.7400447130203247,0.16162940859794617,0.25217464566230774
42,0.705993115901947,0.0682922974228859,0.25217464566230774
43,0.6712778210639954,0.06935498118400574,0.25217464566230774
44,0.6334775686264038,0.0,0.25217464566230774
45,0.6095143556594849,0.13084083795547485,0.25217464566230774
46,0.5773991942405701,0.09056055545806885,0.25217464566230774
47,0.550000786781311,0.27557629346847534,0.27557629346847534
48,0.5277924537658691,0.11852071434259415,0.27557629346847534
49,0.5134446620941162,0.12892000377178192,0.27557629346847534
50,0.4687069058418274,0.2587690055370331,0.27557629346847534
51,0.45144134759902954,0.0,0.27557629346847534
52,0.43101760745048523,0.10424263775348663,0.27557629346847534
53,0.4299035668373108,0.17120997607707977,0.27557629346847534
54,0.38665005564689636,0.23303134739398956,0.27557629346847534
55,0.3862145245075226,0.0,0.27557629346847534
56,0.35647183656692505,0.1742730289697647,0.27557629346847534
57,0.3462221026420593,0.13731656968593597,0.27557629346847534
58,0.33478081226348877,0.23346421122550964,0.27557629346847534
59,0.3161081373691559,0.23668400943279266,0.27557629346847534
60,0.29813048243522644,0.1513664573431015,0.27557629346847534
61,0.3034275770187378,0.1878884732723236,0.27557629346847534
62,0.28161320090293884,0.12445900589227676,0.27557629346847534
63,0.2829201817512512,0.17735086381435394,0.27557629346847534
64,0.2665218114852905,0.0,0.27557629346847534
65,0.2535346448421478,0.1298656314611435,0.27557629346847534
66,0.25556597113609314,0.08988451957702637,0.27557629346847534
67,0.24099746346473694,0.2126273512840271,0.27557629346847534
68,0.23265379667282104,0.21211405098438263,0.27557629346847534
69,0.21629692614078522,0.16907143592834473,0.27557629346847534
70,0.20949043333530426,0.19735145568847656,0.27557629346847534
71,0.20281217992305756,0.0702965259552002,0.27557629346847534
72,0.19792380928993225,0.0,0.27557629346847534
73,0.18811802566051483,0.09535504877567291,0.27557629346847534
74,0.1818842738866806,0.0,0.27557629346847534
75,0.1733502596616745,0.06512981653213501,0.27557629346847534
76,0.17763322591781616,0.16939851641654968,0.27557629346847534
77,0.16491837799549103,0.08593160659074783,0.27557629346847534
78,0.16003404557704926,0.0,0.27557629346847534
79,0.1623971164226532,0.3214819133281708,0.3214819133281708
80,0.15424224734306335,0.07708795368671417,0.3214819133281708
81,0.14116093516349792,0.088655985891819,0.3214819133281708
82,0.14686501026153564,0.15595583617687225,0.3214819133281708
83,0.14413295686244965,0.16268184781074524,0.3214819133281708
84,0.13367238640785217,0.16257834434509277,0.3214819133281708
85,0.1367340236902237,0.28208354115486145,0.3214819133281708
86,0.12981347739696503,0.13928323984146118,0.3214819133281708
87,0.12227991968393326,0.07999419420957565,0.3214819133281708
88,0.12026579678058624,0.13670313358306885,0.3214819133281708
89,0.1215786263346672,0.06601608544588089,0.3214819133281708
90,0.11722224205732346,0.0924619510769844,0.3214819133281708
91,0.11346808075904846,0.19034315645694733,0.3214819133281708
92,0.1092938780784607,0.13402694463729858,0.3214819133281708
93,0.11018083244562149,0.0,0.3214819133281708
94,0.10312049090862274,0.12868623435497284,0.3214819133281708
95,0.10621161758899689,0.1182844340801239,0.3214819133281708
96,0.10051822662353516,0.13219104707241058,0.3214819133281708
97,0.09867558628320694,0.20566925406455994,0.3214819133281708
98,0.09486525505781174,0.0,0.3214819133281708
99,0.09418658912181854,0.21248134970664978,0.3214819133281708
100,0.09344962984323502,0.07132479548454285,0.3214819133281708
