1,5.051363468170166,0.0,0
2,4.797768592834473,0.0,0
3,4.505731582641602,0.0,0
4,4.24351692199707,0.0,0
5,4.030723571777344,0.0,0
6,3.8327670097351074,0.0,0
7,3.637009620666504,0.0,0
8,3.4629862308502197,0.0,0
9,3.340851068496704,0.0,0
10,3.157275438308716,0.0,0
11,2.9765625,0.0,0
12,2.8602640628814697,0.0,0
13,2.672220468521118,0.0,0
14,2.558786392211914,0.0,0
15,2.436068534851074,0.0378553681075573,0.0378553681075573
16,2.3667140007019043,0.0,0.0378553681075573
17,2.2600557804107666,0.03633042424917221,0.0378553681075573
18,2.166116237640381,0.0,0.0378553681075573
19,2.0533618927001953,0.042374614626169205,0.042374614626169205
20,1.9345933198928833,0.039117805659770966,0.042374614626169205
21,1.865217685699463,0.0,0.042374614626169205
22,1.7982337474822998,0.05595087260007858,0.05595087260007858
23,1.7384241819381714,0.0883512869477272,0.0883512869477272
24,1.6547662019729614,0.0,0.0883512869477272
25,1.5718169212341309,0.0,0.0883512869477272
26,1.5318005084991455,0.0,0.0883512869477272
27,1.4319385290145874,0.04297299310564995,0.0883512869477272
28,1.4032680988311768,0.06820451468229294,0.0883512869477272
29,1.3235195875167847,0.04182673245668411,0.0883512869477272
30,1.2501492500305176,0.0,0.0883512869477272
31,1.2029064893722534,0.09277796745300293,0.09277796745300293
32,1.169313907623291,0.0,0.09277796745300293
33,1.1186277866363525,0.06867501884698868,0.09277796745300293
34,1.0591927766799927,0.0,0.09277796745300293
35,1.0164061784744263,0.03718413785099983,0.09277796745300293
36,0.9745650291442871,0.0389050729572773,0.09277796745300293
37,0.9338510036468506,0.04030946269631386,0.09277796745300293
38,0.8776804208755493,0.0,0.09277796745300293
39,0.8706762790679932,0.06107880175113678,0.09277796745300293
40,0.8322902917861938,0.050185427069664,0.09277796745300293
41,0.7822429537773132,0.09537758678197861,0.09537758678197861
42,0.7382069230079651,0.04678989574313164,0.09537758678197861
43,0.7315139770507812,0.12307514250278473,0.12307514250278473
44,0.6878964304924011,0.07891667634248734,0.12307514250278473
45,0.6590296030044556,0.04293655604124069,0.12307514250278473
46,0.631820797920227,0.15875516831874847,0.15875516831874847
47,0.5946672558784485,0.04888543859124184,0.15875516831874847
48,0.5733047127723694,0.13401713967323303,0.15875516831874847
49,0.5551038384437561,0.10533656924962997,0.15875516831874847
50,0.529711127281189,0.09894397854804993,0.15875516831874847
51,0.49860259890556335,0.05676232650876045,0.15875516831874847
52,0.4953242540359497,0.1814296990633011,0.1814296990633011
53,0.47126874327659607,0.0,0.1814296990633011
54,0.4428502917289734,0.05964016169309616,0.1814296990633011
55,0.4112689197063446,0.12716838717460632,0.1814296990633011
56,0.4115775227546692,0.12345033884048462,0.1814296990633011
57,0.3715355396270752,0.1726221889257431,0.1814296990633011
58,0.3675708472728729,0.09645576775074005,0.1814296990633011
59,0.36927416920661926,0.10446929931640625,0.1814296990633011
60,0.3508550226688385,0.10390941798686981,0.1814296990633011
61,0.3428906202316284,0.128483384847641,0.1814296990633011
62,0.31483185291290283,0.08836129307746887,0.1814296990633011
63,0.30259668827056885,0.07722722738981247,0.1814296990633011
64,0.29903146624565125,0.07012907415628433,0.1814296990633011
65,0.2886536717414856,0.11420276761054993,0.1814296990633011
66,0.27078139781951904,0.06305445730686188,0.1814296990633011
67,0.26083606481552124,0.13989657163619995,0.1814296990633011
68,0.24904218316078186,0.06342274695634842,0.1814296990633011
69,0.2390492558479309,0.08643986284732819,0.1814296990633011
70,0.22984148561954498,0.05178682878613472,0.1814296990633011
71,0.22232963144779205,0.13689881563186646,0.1814296990633011
72,0.22200801968574524,0.10597913712263107,0.1814296990633011
73,0.2128715068101883,0.08890312910079956,0.1814296990633011
74,0.20639190077781677,0.1120925098657608,0.1814296990633011
75,0.19583271443843842,0.07296811044216156,0.1814296990633011
76,0.19914628565311432,0.0,0.1814296990633011
77,0.19063186645507812,0.09096165746450424,0.1814296990633011
78,0.17755956947803497,0.1490316540002823,0.1814296990633011
79,0.16449914872646332,0.14290715754032135,0.1814296990633011
80,0.1678684651851654,0.0,0.1814296990633011
81,0.15989550948143005,0.11499670147895813,0.1814296990633011
82,0.15336906909942627,0.08370733261108398,0.1814296990633011
83,0.15374742448329926,0.03382815048098564,0.1814296990633011
84,0.15387602150440216,0.12923011183738708,0.1814296990633011
85,0.1472761482000351,0.09008769690990448,0.1814296990633011
86,0.13244228065013885,0.13777168095111847,0.1814296990633011
87,0.13517148792743683,0.1264391541481018,0.1814296990633011
88,0.1260504573583603,0.10932716727256775,0.1814296990633011
89,0.1339673548936844,0.13314291834831238,0.1814296990633011
90,0.12340155243873596,0.07913846522569656,0.1814296990633011
91,0.121126689016819,0.12210199236869812,0.1814296990633011
92,0.11437862366437912,0.09074389934539795,0.1814296990633011
93,0.12376251071691513,0.11312162131071091,0.1814296990633011
94,0.10841675102710724,0.06242220476269722,0.1814296990633011
95,0.11133542656898499,0.09093809127807617,0.1814296990633011
96,0.10320724546909332,0.0,0.1814296990633011
97,0.10716500878334045,0.1997608095407486,0.1997608095407486
98,0.10061907023191452,0.09403819590806961,0.1997608095407486
99,0.09718979150056839,0.09987729042768478,0.1997608095407486
100,0.09734494239091873,0.08185624331235886,0.1997608095407486
