1,5.365930557250977,0.0,0
2,4.957496643066406,0.0,0
3,4.6370463371276855,0.0,0
4,4.3308892250061035,0.0,0
5,4.083071708679199,0.0,0
6,3.7649383544921875,0.0,0
7,3.536961555480957,0.0,0
8,3.311154842376709,0.0,0
9,3.1700339317321777,0.0,0
10,2.9380016326904297,0.0,0
11,2.8302669525146484,0.0,0
12,2.659984827041626,0.0,0
13,2.503497838973999,0.0,0
14,2.360908269882202,0.029249124228954315,0.029249124228954315
15,2.2484073638916016,0.0,0.029249124228954315
16,2.121957778930664,0.0,0.029249124228954315
17,2.0146679878234863,0.02754049003124237,0.029249124228954315
18,1.906929612159729,0.0,0.029249124228954315
19,1.826849102973938,0.0,0.029249124228954315
20,1.751806616783142,0.0,0.029249124228954315
21,1.6722058057785034,0.0,0.029249124228954315
22,1.5788607597351074,0.03582185134291649,0.03582185134291649
23,1.511183500289917,0.07963667064905167,0.07963667064905167
24,1.4395439624786377,0.0,0.07963667064905167
25,1.3724544048309326,0.028202636167407036,0.07963667064905167
26,1.2959814071655273,0.048395246267318726,0.07963667064905167
27,1.2417148351669312,0.0,0.07963667064905167
28,1.2062079906463623,0.0583416111767292,0.07963667064905167
29,1.1531081199645996,0.0,0.07963667064905167
30,1.0699933767318726,0.04106290638446808,0.07963667064905167
31,1.0178223848342896,0.0,0.07963667064905167
32,0.9893720746040344,0.03696071356534958,0.07963667064905167
33,0.9507885575294495,0.0797695741057396,0.0797695741057396
34,0.8967552781105042,0.055090371519327164,0.0797695741057396
35,0.8484630584716797,0.10473879426717758,0.10473879426717758
36,0.8007820248603821,0.08968469500541687,0.10473879426717758
37,0.7537834048271179,0.1160372942686081,0.1160372942686081
38,0.7299844622612,0.0896378755569458,0.1160372942686081
39,0.7009863257408142,0.1469309777021408,0.1469309777021408
40,0.6473456025123596,0.07778747379779816,0.1469309777021408
41,0.6465263366699219,0.11577882617712021,0.1469309777021408
42,0.5890654921531677,0.08990640193223953,0.1469309777021408
43,0.5676836967468262,0.08672301471233368,0.1469309777021408
44,0.540096640586853,0.0,0.1469309777021408
45,0.5176399946212769,0.20191092789173126,0.20191092789173126
46,0.5079255104064941,0.07639023661613464,0.20191092789173126
47,0.46419936418533325,0.10428258776664734,0.20191092789173126
48,0.45479533076286316,0.26258331537246704,0.26258331537246704
49,0.42892274260520935,0.14302876591682434,0.26258331537246704
50,0.41056501865386963,0.1161724105477333,0.26258331537246704
51,0.3921060860157013,0.04722626134753227,0.26258331537246704
52,0.3728486895561218,0.0768665224313736,0.26258331537246704
53,0.349860280752182,0.11954726278781891,0.26258331537246704
54,0.3303305506706238,0.10385151207447052,0.26258331537246704
55,0.314155638217926,0.051858317106962204,0.26258331537246704
56,0.29982760548591614,0.04678208753466606,0.26258331537246704
57,0.29033732414245605,0.12265139073133469,0.26258331537246704
58,0.28560373187065125,0.05711495503783226,0.26258331537246704
59,0.2776806652545929,0.0,0.26258331537246704
60,0.26171305775642395,0.12154931575059891,0.26258331537246704
61,0.25036102533340454,0.2274353951215744,0.26258331537246704
62,0.2400907725095749,0.2166711390018463,0.26258331537246704
63,0.22730138897895813,0.15353037416934967,0.26258331537246704
64,0.23182180523872375,0.174449160695076,0.26258331537246704
65,0.2183995246887207,0.08609582483768463,0.26258331537246704
66,0.2083541452884674,0.09935729205608368,0.26258331537246704
67,0.19769667088985443,0.09123402088880539,0.26258331537246704
68,0.19411849975585938,0.0,0.26258331537246704
69,0.18630246818065643,0.10909802466630936,0.26258331537246704
70,0.18149647116661072,0.22630350291728973,0.26258331537246704
71,0.17193427681922913,0.11151038110256195,0.26258331537246704
72,0.16915269196033478,0.09616848081350327,0.26258331537246704
73,0.17111513018608093,0.20793846249580383,0.26258331537246704
74,0.16229990124702454,0.08353704959154129,0.26258331537246704
75,0.15337680280208588,0.0,0.26258331537246704
76,0.1449604034423828,0.052058156579732895,0.26258331537246704
77,0.1416265368461609,0.07669152319431305,0.26258331537246704
78,0.14136217534542084,0.09289993345737457,0.26258331537246704
79,0.13687573373317719,0.0805770754814148,0.26258331537246704
80,0.13232271373271942,0.06697333604097366,0.26258331537246704
81,0.1288933902978897,0.0,0.26258331537246704
82,0.12882685661315918,0.14783921837806702,0.26258331537246704
83,0.11743668466806412,0.08944512158632278,0.26258331537246704
84,0.1163053810596466,0.06902296841144562,0.26258331537246704
85,0.11456344276666641,0.06067340075969696,0.26258331537246704
86,0.11030498147010803,0.1508186161518097,0.26258331537246704
87,0.10624334216117859,0.08711285889148712,0.26258331537246704
88,0.10787103325128555,0.0,0.26258331537246704
89,0.10528380423784256,0.12494327127933502,0.26258331537246704
90,0.10417226701974869,0.08987695723772049,0.26258331537246704
91,0.09805461764335632,0.0,0.26258331537246704
92,0.09819170087575912,0.0,0.26258331537246704
93,0.09269572049379349,0.11740168929100037,0.26258331537246704
94,0.08840476721525192,0.0,0.26258331537246704
95,0.08856014907360077,0.16791130602359772,0.26258331537246704
96,0.08618706464767456,0.22312313318252563,0.26258331537246704
97,0.0889640524983406,0.10526401549577713,0.26258331537246704
98,0.08500643074512482,0.19198067486286163,0.26258331537246704
99,0.08166676759719849,0.16287440061569214,0.26258331537246704
100,0.08257140219211578,0.1780412793159485,0.26258331537246704
