1,2.4965362652174887,0.0,0
2,1.7359769421239053,0.12315406650304794,0.12315406650304794
3,1.4383592793057043,0.14271152019500732,0.14271152019500732
4,1.230006694913872,0.20711500942707062,0.20711500942707062
5,1.0651092030588658,0.16907106339931488,0.20711500942707062
6,0.9317865418570657,0.32505854964256287,0.32505854964256287
7,0.8231785778076418,0.2155521661043167,0.32505854964256287
8,0.7319345122143146,0.38705670833587646,0.38705670833587646
9,0.6565641411730359,0.33571726083755493,0.38705670833587646
10,0.5917133439572588,0.4165779948234558,0.4165779948234558
11,0.5366920869677297,0.40100574493408203,0.4165779948234558
12,0.4858135252950653,0.39445221424102783,0.4165779948234558
13,0.4460445179213439,0.3249518573284149,0.4165779948234558
14,0.4102865403157569,0.43184056878089905,0.43184056878089905
15,0.38011825102711877,0.5005413293838501,0.5005413293838501
16,0.3507274148324805,0.5116778016090393,0.5116778016090393
17,0.32611605275662675,0.5592153668403625,0.5592153668403625
18,0.3025395580597462,0.37411579489707947,0.5592153668403625
19,0.2874181802354513,0.4210469424724579,0.5592153668403625
20,0.26757493795406434,0.47423532605171204,0.5592153668403625
21,0.2519754003132543,0.40402039885520935,0.5592153668403625
22,0.2372219462788874,0.428010493516922,0.5592153668403625
23,0.22720496861204023,0.48758959770202637,0.5592153668403625
24,0.2142572484670147,0.5328325033187866,0.5592153668403625
25,0.2038741653124171,0.4699425995349884,0.5592153668403625
26,0.19469671642347688,0.4935935437679291,0.5592153668403625
27,0.18667304332578374,0.5842957496643066,0.5842957496643066
28,0.17812635929834458,0.47173431515693665,0.5842957496643066
29,0.17191252382772584,0.5228803157806396,0.5842957496643066
30,0.1653559404695707,0.6110038161277771,0.6110038161277771
31,0.15841390686710516,0.6011786460876465,0.6110038161277771
32,0.15225428542602928,0.6800587177276611,0.6800587177276611
33,0.1472207580602938,0.7128141522407532,0.7128141522407532
34,0.14432118367403746,0.5447569489479065,0.7128141522407532
35,0.13831249924917374,0.561271071434021,0.7128141522407532
36,0.133552243497463,0.5325238108634949,0.7128141522407532
37,0.13136959035370138,0.6843277215957642,0.7128141522407532
38,0.1279906785536197,0.4968704879283905,0.7128141522407532
39,0.12331345729950455,0.6123488545417786,0.7128141522407532
40,0.12040165334098762,0.6746147274971008,0.7128141522407532
41,0.11692092518862937,0.6327506899833679,0.7128141522407532
42,0.11528620398753593,0.5615399479866028,0.7128141522407532
43,0.11238038762202186,0.4864974319934845,0.7128141522407532
44,0.10877854046562026,0.5339528322219849,0.7128141522407532
45,0.10641587559404152,0.6630117297172546,0.7128141522407532
46,0.10513962667825963,0.5612059831619263,0.7128141522407532
47,0.10328760549365994,0.6314725875854492,0.7128141522407532
48,0.10061449956359161,0.5620469450950623,0.7128141522407532
49,0.0986922123364263,0.5482605695724487,0.7128141522407532
50,0.0953537602984016,0.5468813180923462,0.7128141522407532
51,0.09331101069467203,0.6419322490692139,0.7128141522407532
52,0.09436309906924444,0.6288109421730042,0.7128141522407532
53,0.09176330833185103,0.6705647706985474,0.7128141522407532
54,0.09020988045320395,0.6054441332817078,0.7128141522407532
55,0.08844655946708255,0.5991742610931396,0.7128141522407532
56,0.08797569370888654,0.6524758338928223,0.7128141522407532
57,0.0861133125670735,0.5127970576286316,0.7128141522407532
58,0.08634623449536101,0.6618425250053406,0.7128141522407532
59,0.08230031612178972,0.5876354575157166,0.7128141522407532
60,0.0806753076913376,0.5427629351615906,0.7128141522407532
61,0.08268928907120661,0.622036337852478,0.7128141522407532
62,0.08125246966618203,0.6841365694999695,0.7128141522407532
63,0.07770502633760654,0.5277668237686157,0.7128141522407532
64,0.0783361354166822,0.6722549796104431,0.7128141522407532
65,0.07643024304941777,0.6810888648033142,0.7128141522407532
66,0.07541224811857025,0.6177406907081604,0.7128141522407532
67,0.07618374213005506,0.7028992772102356,0.7128141522407532
68,0.0742494858530981,0.4901094436645508,0.7128141522407532
69,0.07255407284209205,0.6444135904312134,0.7128141522407532
70,0.07187718013301492,0.6272243857383728,0.7128141522407532
71,0.07181664977988769,0.685422956943512,0.7128141522407532
72,0.07022969310186923,0.6737737059593201,0.7128141522407532
73,0.06978652041570674,0.6962247490882874,0.7128141522407532
74,0.06841581350853367,0.649372935295105,0.7128141522407532
75,0.06831341863219295,0.6854545474052429,0.7128141522407532
76,0.06760680848251908,0.6151173710823059,0.7128141522407532
77,0.06707289297839687,0.6414127349853516,0.7128141522407532
78,0.06625976210700409,0.711199939250946,0.7128141522407532
79,0.06568781651496407,0.6753137707710266,0.7128141522407532
80,0.06471668961533014,0.4651966094970703,0.7128141522407532
81,0.06577218297283136,0.5777788758277893,0.7128141522407532
82,0.06360556704983596,0.6126387119293213,0.7128141522407532
83,0.06425086174520754,0.6269002556800842,0.7128141522407532
84,0.06345333317069397,0.6820628046989441,0.7128141522407532
85,0.06264465543696837,0.6930771470069885,0.7128141522407532
86,0.06200417163105862,0.6213183999061584,0.7128141522407532
87,0.0602248276906809,0.5423892736434937,0.7128141522407532
88,0.0621897098270335,0.627779483795166,0.7128141522407532
89,0.06104935253519685,0.6114978194236755,0.7128141522407532
90,0.05932001858919619,0.7087730765342712,0.7128141522407532
91,0.06062038343084315,0.6121919751167297,0.7128141522407532
92,0.06083890573391991,0.6197047829627991,0.7128141522407532
93,0.05910650437938109,0.6010934114456177,0.7128141522407532
94,0.05884096518744745,0.5988794565200806,0.7128141522407532
95,0.05861941145192231,0.6277932524681091,0.7128141522407532
96,0.057201841921215094,0.7004207968711853,0.7128141522407532
97,0.057136179965680406,0.6663875579833984,0.7128141522407532
98,0.05688975385630563,0.7476634383201599,0.7476634383201599
99,0.05549059346723821,0.6751782298088074,0.7476634383201599
100,0.05681968362806665,0.6889059543609619,0.7476634383201599
